   1.4937900e+00	   0.0000000e+00	   0.0000000e+00	   0.0000000e+00	   0.0000000e+00	
   1.4955900e+00	   0.0000000e+00	   0.0000000e+00	   0.0000000e+00	   0.0000000e+00	
   1.4973900e+00	   0.0000000e+00	   0.0000000e+00	   0.0000000e+00	   0.0000000e+00	
   1.4992000e+00	   0.0000000e+00	   0.0000000e+00	   0.0000000e+00	   0.0000000e+00	
   1.5010200e+00	   0.0000000e+00	   0.0000000e+00	   0.0000000e+00	   0.0000000e+00	
   1.5028400e+00	   0.0000000e+00	   0.0000000e+00	   0.0000000e+00	   0.0000000e+00	
   1.5046600e+00	   0.0000000e+00	   0.0000000e+00	   0.0000000e+00	   0.0000000e+00	
   1.5064900e+00	   0.0000000e+00	   0.0000000e+00	   0.0000000e+00	   0.0000000e+00	
   1.5083200e+00	   0.0000000e+00	   0.0000000e+00	   0.0000000e+00	   0.0000000e+00	
   1.5101600e+00	   0.0000000e+00	   0.0000000e+00	   0.0000000e+00	   0.0000000e+00	
   1.5120000e+00	   0.0000000e+00	   0.0000000e+00	   0.0000000e+00	   0.0000000e+00	
   1.5138500e+00	   0.0000000e+00	   0.0000000e+00	   0.0000000e+00	   0.0000000e+00	
   1.5157000e+00	   0.0000000e+00	   0.0000000e+00	   0.0000000e+00	   0.0000000e+00	
   1.5175500e+00	   0.0000000e+00	   0.0000000e+00	   0.0000000e+00	   0.0000000e+00	
   1.5194100e+00	   0.0000000e+00	   0.0000000e+00	   0.0000000e+00	   0.0000000e+00	
   1.5212800e+00	   0.0000000e+00	   0.0000000e+00	   0.0000000e+00	   0.0000000e+00	
   1.5231500e+00	   0.0000000e+00	   0.0000000e+00	   0.0000000e+00	   0.0000000e+00	
   1.5250200e+00	   0.0000000e+00	   0.0000000e+00	   0.0000000e+00	   0.0000000e+00	
   1.5269000e+00	   0.0000000e+00	   0.0000000e+00	   0.0000000e+00	   0.0000000e+00	
   1.5287800e+00	   0.0000000e+00	   0.0000000e+00	   0.0000000e+00	   0.0000000e+00	
   1.5306700e+00	   0.0000000e+00	   0.0000000e+00	   0.0000000e+00	   0.0000000e+00	
   1.5325600e+00	   0.0000000e+00	   0.0000000e+00	   0.0000000e+00	   0.0000000e+00	
   1.5344600e+00	   0.0000000e+00	   0.0000000e+00	   0.0000000e+00	   0.0000000e+00	
   1.5363600e+00	   0.0000000e+00	   0.0000000e+00	   0.0000000e+00	   0.0000000e+00	
   1.5382700e+00	   0.0000000e+00	   0.0000000e+00	   0.0000000e+00	   0.0000000e+00	
   1.5401800e+00	   0.0000000e+00	   0.0000000e+00	   0.0000000e+00	   0.0000000e+00	
   1.5420900e+00	   0.0000000e+00	   0.0000000e+00	   0.0000000e+00	   0.0000000e+00	
   1.5440100e+00	   0.0000000e+00	   0.0000000e+00	   0.0000000e+00	   0.0000000e+00	
   1.5459400e+00	   0.0000000e+00	   0.0000000e+00	   0.0000000e+00	   0.0000000e+00	
   1.5478700e+00	   0.0000000e+00	   0.0000000e+00	   0.0000000e+00	   0.0000000e+00	
   1.5498000e+00	   0.0000000e+00	   0.0000000e+00	   0.0000000e+00	   0.0000000e+00	
   1.5517400e+00	   0.0000000e+00	   0.0000000e+00	   0.0000000e+00	   0.0000000e+00	
   1.5536900e+00	   0.0000000e+00	   0.0000000e+00	   0.0000000e+00	   0.0000000e+00	
   1.5556400e+00	   0.0000000e+00	   0.0000000e+00	   0.0000000e+00	   0.0000000e+00	
   1.5575900e+00	   0.0000000e+00	   0.0000000e+00	   0.0000000e+00	   0.0000000e+00	
   1.5595500e+00	   0.0000000e+00	   0.0000000e+00	   0.0000000e+00	   0.0000000e+00	
   1.5615100e+00	   0.0000000e+00	   0.0000000e+00	   0.0000000e+00	   0.0000000e+00	
   1.5634800e+00	   0.0000000e+00	   0.0000000e+00	   0.0000000e+00	   0.0000000e+00	
   1.5654600e+00	   0.0000000e+00	   0.0000000e+00	   0.0000000e+00	   0.0000000e+00	
   1.5674400e+00	   0.0000000e+00	   0.0000000e+00	   0.0000000e+00	   0.0000000e+00	
   1.5694200e+00	   0.0000000e+00	   0.0000000e+00	   0.0000000e+00	   0.0000000e+00	
   1.5714100e+00	   0.0000000e+00	   0.0000000e+00	   0.0000000e+00	   0.0000000e+00	
   1.5734000e+00	   0.0000000e+00	   0.0000000e+00	   0.0000000e+00	   0.0000000e+00	
   1.5754000e+00	   0.0000000e+00	   0.0000000e+00	   0.0000000e+00	   0.0000000e+00	
   1.5774100e+00	   0.0000000e+00	   0.0000000e+00	   0.0000000e+00	   0.0000000e+00	
   1.5794200e+00	   0.0000000e+00	   0.0000000e+00	   0.0000000e+00	   0.0000000e+00	
   1.5814300e+00	   0.0000000e+00	   0.0000000e+00	   0.0000000e+00	   0.0000000e+00	
   1.5834500e+00	   0.0000000e+00	   0.0000000e+00	   0.0000000e+00	   0.0000000e+00	
   1.5854800e+00	   0.0000000e+00	   0.0000000e+00	   0.0000000e+00	   0.0000000e+00	
   1.5875100e+00	   0.0000000e+00	   0.0000000e+00	   0.0000000e+00	   0.0000000e+00	
   1.5895400e+00	   0.0000000e+00	   0.0000000e+00	   0.0000000e+00	   0.0000000e+00	
   1.5915800e+00	   0.0000000e+00	   0.0000000e+00	   0.0000000e+00	   0.0000000e+00	
   1.5936300e+00	   0.0000000e+00	   0.0000000e+00	   0.0000000e+00	   0.0000000e+00	
   1.5956800e+00	   0.0000000e+00	   0.0000000e+00	   0.0000000e+00	   0.0000000e+00	
   1.5977300e+00	   0.0000000e+00	   0.0000000e+00	   0.0000000e+00	   0.0000000e+00	
   1.5998000e+00	   0.0000000e+00	   0.0000000e+00	   0.0000000e+00	   0.0000000e+00	
   1.6018600e+00	   0.0000000e+00	   0.0000000e+00	   0.0000000e+00	   0.0000000e+00	
   1.6039300e+00	   0.0000000e+00	   0.0000000e+00	   0.0000000e+00	   0.0000000e+00	
   1.6060100e+00	   0.0000000e+00	   0.0000000e+00	   0.0000000e+00	   0.0000000e+00	
   1.6081000e+00	   0.0000000e+00	   0.0000000e+00	   0.0000000e+00	   0.0000000e+00	
   1.6101800e+00	   0.0000000e+00	   0.0000000e+00	   0.0000000e+00	   0.0000000e+00	
   1.6122800e+00	   0.0000000e+00	   0.0000000e+00	   0.0000000e+00	   0.0000000e+00	
   1.6143800e+00	   0.0000000e+00	   0.0000000e+00	   0.0000000e+00	   0.0000000e+00	
   1.6164800e+00	   0.0000000e+00	   0.0000000e+00	   0.0000000e+00	   0.0000000e+00	
   1.6185900e+00	   0.0000000e+00	   0.0000000e+00	   0.0000000e+00	   0.0000000e+00	
   1.6207100e+00	   0.0000000e+00	   0.0000000e+00	   0.0000000e+00	   0.0000000e+00	
   1.6228300e+00	   0.0000000e+00	   0.0000000e+00	   0.0000000e+00	   0.0000000e+00	
   1.6249600e+00	   0.0000000e+00	   0.0000000e+00	   0.0000000e+00	   0.0000000e+00	
   1.6270900e+00	   0.0000000e+00	   0.0000000e+00	   0.0000000e+00	   0.0000000e+00	
   1.6292300e+00	   0.0000000e+00	   0.0000000e+00	   0.0000000e+00	   0.0000000e+00	
   1.6313700e+00	   0.0000000e+00	   0.0000000e+00	   0.0000000e+00	   0.0000000e+00	
   1.6335200e+00	   0.0000000e+00	   0.0000000e+00	   0.0000000e+00	   0.0000000e+00	
   1.6356800e+00	   0.0000000e+00	   0.0000000e+00	   0.0000000e+00	   0.0000000e+00	
   1.6378400e+00	   0.0000000e+00	   0.0000000e+00	   0.0000000e+00	   0.0000000e+00	
   1.6400000e+00	   0.0000000e+00	   0.0000000e+00	   0.0000000e+00	   0.0000000e+00	
   1.6421700e+00	   0.0000000e+00	   0.0000000e+00	   0.0000000e+00	   0.0000000e+00	
   1.6443500e+00	   0.0000000e+00	   0.0000000e+00	   0.0000000e+00	   0.0000000e+00	
   1.6465400e+00	   0.0000000e+00	   0.0000000e+00	   0.0000000e+00	   0.0000000e+00	
   1.6487300e+00	   0.0000000e+00	   0.0000000e+00	   0.0000000e+00	   0.0000000e+00	
   1.6509200e+00	   0.0000000e+00	   0.0000000e+00	   0.0000000e+00	   0.0000000e+00	
   1.6531200e+00	   0.0000000e+00	   0.0000000e+00	   0.0000000e+00	   0.0000000e+00	
   1.6553300e+00	   0.0000000e+00	   0.0000000e+00	   0.0000000e+00	   0.0000000e+00	
   1.6575400e+00	   0.0000000e+00	   0.0000000e+00	   0.0000000e+00	   0.0000000e+00	
   1.6597600e+00	   0.0000000e+00	   0.0000000e+00	   0.0000000e+00	   0.0000000e+00	
   1.6619900e+00	   0.0000000e+00	   0.0000000e+00	   0.0000000e+00	   0.0000000e+00	
   1.6642200e+00	   0.0000000e+00	   0.0000000e+00	   0.0000000e+00	   0.0000000e+00	
   1.6664500e+00	   0.0000000e+00	   0.0000000e+00	   0.0000000e+00	   0.0000000e+00	
   1.6687000e+00	   0.0000000e+00	   0.0000000e+00	   0.0000000e+00	   0.0000000e+00	
   1.6709500e+00	   0.0000000e+00	   0.0000000e+00	   0.0000000e+00	   0.0000000e+00	
   1.6732000e+00	   0.0000000e+00	   0.0000000e+00	   0.0000000e+00	   0.0000000e+00	
   1.6754600e+00	   0.0000000e+00	   0.0000000e+00	   0.0000000e+00	   0.0000000e+00	
   1.6777300e+00	   0.0000000e+00	   0.0000000e+00	   0.0000000e+00	   0.0000000e+00	
   1.6800000e+00	   0.0000000e+00	   0.0000000e+00	   0.0000000e+00	   0.0000000e+00	
   1.6822800e+00	   0.0000000e+00	   0.0000000e+00	   0.0000000e+00	   0.0000000e+00	
   1.6845700e+00	   0.0000000e+00	   0.0000000e+00	   0.0000000e+00	   0.0000000e+00	
   1.6868600e+00	   0.0000000e+00	   0.0000000e+00	   0.0000000e+00	   0.0000000e+00	
   1.6891600e+00	   0.0000000e+00	   0.0000000e+00	   0.0000000e+00	   0.0000000e+00	
   1.6914600e+00	   0.0000000e+00	   0.0000000e+00	   0.0000000e+00	   0.0000000e+00	
   1.6937700e+00	   0.0000000e+00	   0.0000000e+00	   0.0000000e+00	   0.0000000e+00	
   1.6960900e+00	   0.0000000e+00	   0.0000000e+00	   0.0000000e+00	   0.0000000e+00	
   1.6984100e+00	   0.0000000e+00	   0.0000000e+00	   0.0000000e+00	   0.0000000e+00	
   1.7007400e+00	   5.1516399e-16	  -5.0000000e+01	   3.3114103e-16	  -3.9463851e-16	
   1.7030800e+00	   8.9122296e-15	  -5.0000000e+01	   5.7286708e-15	  -6.8271640e-15	
   1.7054200e+00	   2.7560507e-14	  -5.0000000e+01	   1.7715552e-14	  -2.1112573e-14	
   1.7077700e+00	   5.6563027e-14	  -5.0000000e+01	   3.6358013e-14	  -4.3329792e-14	
   1.7101300e+00	   9.6008514e-14	  -5.0000000e+01	   6.1713083e-14	  -7.3546789e-14	
   1.7124900e+00	   1.4575277e-13	  -5.0000000e+01	   9.3688074e-14	  -1.1165310e-13	
   1.7148600e+00	   2.0602927e-13	  -5.0000000e+01	   1.3243306e-13	  -1.5782758e-13	
   1.7172300e+00	   2.7660630e-13	  -5.0000000e+01	   1.7779910e-13	  -2.1189272e-13	
   1.7196100e+00	   3.5780401e-13	  -5.0000000e+01	   2.2999199e-13	  -2.7409378e-13	
   1.7220000e+00	   4.4970964e-13	  -5.0000000e+01	   2.8906778e-13	  -3.4449757e-13	
   1.7244000e+00	   5.5241011e-13	  -5.0000000e+01	   3.5508238e-13	  -4.2317070e-13	
   1.7268000e+00	   6.6549919e-13	  -5.0000000e+01	   4.2777463e-13	  -5.0980196e-13	
   1.7292100e+00	   7.8946950e-13	  -5.0000000e+01	   5.0746122e-13	  -6.0476873e-13	
   1.7316200e+00	   9.2382800e-13	  -5.0000000e+01	   5.9382519e-13	  -7.0769331e-13	
   1.7340400e+00	   1.0691533e-12	  -5.0000000e+01	   6.8723848e-13	  -8.1901893e-13	
   1.7364700e+00	   1.2255308e-12	  -5.0000000e+01	   7.8775600e-13	  -9.3881105e-13	
   1.7389100e+00	   1.3930456e-12	  -5.0000000e+01	   8.9543246e-13	  -1.0671349e-12	
   1.7413500e+00	   1.5710317e-12	  -5.0000000e+01	   1.0098397e-12	  -1.2034801e-12	
   1.7438000e+00	   1.7602386e-12	  -5.0000000e+01	   1.1314595e-12	  -1.3484210e-12	
   1.7462600e+00	   1.9607505e-12	  -5.0000000e+01	   1.2603461e-12	  -1.5020220e-12	
   1.7487200e+00	   2.1717722e-12	  -5.0000000e+01	   1.3959882e-12	  -1.6636740e-12	
   1.7511900e+00	   2.3941810e-12	  -5.0000000e+01	   1.5389499e-12	  -1.8340490e-12	
   1.7536700e+00	   2.6280601e-12	  -5.0000000e+01	   1.6892845e-12	  -2.0132109e-12	
   1.7561500e+00	   2.8724858e-12	  -5.0000000e+01	   1.8463983e-12	  -2.2004518e-12	
   1.7586400e+00	   3.1284625e-12	  -5.0000000e+01	   2.0109370e-12	  -2.3965413e-12	
   1.7611400e+00	   3.3960726e-12	  -5.0000000e+01	   2.1829534e-12	  -2.6015426e-12	
   1.7636400e+00	   3.6742642e-12	  -5.0000000e+01	   2.3617715e-12	  -2.8146497e-12	
   1.7661600e+00	   3.9653446e-12	  -5.0000000e+01	   2.5488744e-12	  -3.0376302e-12	
   1.7686800e+00	   4.2670850e-12	  -5.0000000e+01	   2.7428293e-12	  -3.2687767e-12	
   1.7712000e+00	   4.5794399e-12	  -5.0000000e+01	   2.9436072e-12	  -3.5080545e-12	
   1.7737400e+00	   4.9049693e-12	  -5.0000000e+01	   3.1528535e-12	  -3.7574244e-12	
   1.7762800e+00	   5.2411903e-12	  -5.0000000e+01	   3.3689722e-12	  -4.0149847e-12	
   1.7788300e+00	   5.5894438e-12	  -5.0000000e+01	   3.5928252e-12	  -4.2817623e-12	
   1.7813800e+00	   5.9483811e-12	  -5.0000000e+01	   3.8235456e-12	  -4.5567243e-12	
   1.7839400e+00	   6.3194265e-12	  -5.0000000e+01	   4.0620491e-12	  -4.8409616e-12	
   1.7865200e+00	   6.7041716e-12	  -5.0000000e+01	   4.3093584e-12	  -5.1356934e-12	
   1.7890900e+00	   7.0981588e-12	  -5.0000000e+01	   4.5626085e-12	  -5.4375051e-12	
   1.7916800e+00	   7.5060032e-12	  -5.0000000e+01	   4.8247659e-12	  -5.7499321e-12	
   1.7942700e+00	   7.9246338e-12	  -5.0000000e+01	   5.0938564e-12	  -6.0706217e-12	
   1.7968700e+00	   8.3556824e-12	  -5.0000000e+01	   5.3709291e-12	  -6.4008241e-12	
   1.7994800e+00	   8.7992268e-12	  -5.0000000e+01	   5.6560340e-12	  -6.7405988e-12	
   1.8021000e+00	   9.2553443e-12	  -5.0000000e+01	   5.9492207e-12	  -7.0900051e-12	
   1.8047200e+00	   9.7223090e-12	  -5.0000000e+01	   6.2493797e-12	  -7.4477208e-12	
   1.8073500e+00	   1.0201918e-11	  -5.0000000e+01	   6.5576663e-12	  -7.8151224e-12	
   1.8099900e+00	   1.0694247e-11	  -5.0000000e+01	   6.8741295e-12	  -8.1922685e-12	
   1.8126300e+00	   1.1197446e-11	  -5.0000000e+01	   7.1975797e-12	  -8.5777415e-12	
   1.8152900e+00	   1.1715403e-11	  -5.0000000e+01	   7.5305161e-12	  -8.9745196e-12	
   1.8179500e+00	   1.2244299e-11	  -5.0000000e+01	   7.8704839e-12	  -9.3796775e-12	
   1.8206200e+00	   1.2786136e-11	  -5.0000000e+01	   8.2187698e-12	  -9.7947485e-12	
   1.8233000e+00	   1.3340988e-11	  -5.0000000e+01	   8.5754220e-12	  -1.0219790e-11	
   1.8259800e+00	   1.3906799e-11	  -5.0000000e+01	   8.9391180e-12	  -1.0653226e-11	
   1.8286800e+00	   1.4487864e-11	  -5.0000000e+01	   9.3126197e-12	  -1.1098348e-11	
   1.8313800e+00	   1.5079954e-11	  -5.0000000e+01	   9.6932079e-12	  -1.1551915e-11	
   1.8340900e+00	   1.5685274e-11	  -5.0000000e+01	   1.0082300e-11	  -1.2015617e-11	
   1.8368000e+00	   1.6301603e-11	  -5.0000000e+01	   1.0478468e-11	  -1.2487752e-11	
   1.8395300e+00	   1.6933561e-11	  -5.0000000e+01	   1.0884683e-11	  -1.2971860e-11	
   1.8422600e+00	   1.7576592e-11	  -5.0000000e+01	   1.1298015e-11	  -1.3464451e-11	
   1.8450000e+00	   1.8233062e-11	  -5.0000000e+01	   1.1719987e-11	  -1.3967336e-11	
   1.8477500e+00	   1.8903044e-11	  -5.0000000e+01	   1.2150643e-11	  -1.4480572e-11	
   1.8505100e+00	   1.9586609e-11	  -5.0000000e+01	   1.2590030e-11	  -1.5004213e-11	
   1.8532800e+00	   2.0283828e-11	  -5.0000000e+01	   1.3038194e-11	  -1.5538314e-11	
   1.8560500e+00	   2.0992195e-11	  -5.0000000e+01	   1.3493523e-11	  -1.6080955e-11	
   1.8588300e+00	   2.1714277e-11	  -5.0000000e+01	   1.3957668e-11	  -1.6634102e-11	
   1.8616200e+00	   2.2450145e-11	  -5.0000000e+01	   1.4430675e-11	  -1.7197809e-11	
   1.8644200e+00	   2.3199868e-11	  -5.0000000e+01	   1.4912588e-11	  -1.7772130e-11	
   1.8672300e+00	   2.3963516e-11	  -5.0000000e+01	   1.5403451e-11	  -1.8357119e-11	
   1.8700500e+00	   2.4741159e-11	  -5.0000000e+01	   1.5903310e-11	  -1.8952827e-11	
   1.8728700e+00	   2.5530047e-11	  -5.0000000e+01	   1.6410398e-11	  -1.9557151e-11	
   1.8757100e+00	   2.6335844e-11	  -5.0000000e+01	   1.6928354e-11	  -2.0174427e-11	
   1.8785500e+00	   2.7152945e-11	  -5.0000000e+01	   1.7453576e-11	  -2.0800362e-11	
   1.8814000e+00	   2.7984233e-11	  -5.0000000e+01	   1.7987918e-11	  -2.1437166e-11	
   1.8842600e+00	   2.8829777e-11	  -5.0000000e+01	   1.8531424e-11	  -2.2084891e-11	
   1.8871300e+00	   2.9689645e-11	  -5.0000000e+01	   1.9084136e-11	  -2.2743587e-11	
   1.8900000e+00	   3.0560847e-11	  -5.0000000e+01	   1.9644134e-11	  -2.3410967e-11	
   1.8928900e+00	   3.1449521e-11	  -5.0000000e+01	   2.0215362e-11	  -2.4091731e-11	
   1.8957800e+00	   3.2349584e-11	  -5.0000000e+01	   2.0793911e-11	  -2.4781219e-11	
   1.8986900e+00	   3.3267329e-11	  -5.0000000e+01	   2.1383827e-11	  -2.5484253e-11	
   1.9016000e+00	   3.4196517e-11	  -5.0000000e+01	   2.1981097e-11	  -2.6196052e-11	
   1.9045200e+00	   3.5140344e-11	  -5.0000000e+01	   2.2587778e-11	  -2.6919066e-11	
   1.9074500e+00	   3.6098878e-11	  -5.0000000e+01	   2.3203911e-11	  -2.7653345e-11	
   1.9103900e+00	   3.7072181e-11	  -5.0000000e+01	   2.3829538e-11	  -2.8398938e-11	
   1.9133400e+00	   3.8060318e-11	  -5.0000000e+01	   2.4464701e-11	  -2.9155895e-11	
   1.9162900e+00	   3.9059945e-11	  -5.0000000e+01	   2.5107249e-11	  -2.9921654e-11	
   1.9192600e+00	   4.0077903e-11	  -5.0000000e+01	   2.5761579e-11	  -3.0701455e-11	
   1.9222400e+00	   4.1110885e-11	  -5.0000000e+01	   2.6425568e-11	  -3.1492765e-11	
   1.9252200e+00	   4.2155430e-11	  -5.0000000e+01	   2.7096988e-11	  -3.2292933e-11	
   1.9282100e+00	   4.3215047e-11	  -5.0000000e+01	   2.7778097e-11	  -3.3104647e-11	
   1.9312200e+00	   4.4293401e-11	  -5.0000000e+01	   2.8471249e-11	  -3.3930714e-11	
   1.9342300e+00	   4.5383387e-11	  -5.0000000e+01	   2.9171879e-11	  -3.4765691e-11	
   1.9372500e+00	   4.6488631e-11	  -5.0000000e+01	   2.9882316e-11	  -3.5612357e-11	
   1.9402800e+00	   4.7609193e-11	  -5.0000000e+01	   3.0602600e-11	  -3.6470758e-11	
   1.9433300e+00	   4.8748891e-11	  -5.0000000e+01	   3.1335183e-11	  -3.7343817e-11	
   1.9463800e+00	   4.9900311e-11	  -5.0000000e+01	   3.2075302e-11	  -3.8225856e-11	
   1.9494400e+00	   5.1067230e-11	  -5.0000000e+01	   3.2825383e-11	  -3.9119768e-11	
   1.9525100e+00	   5.2249709e-11	  -5.0000000e+01	   3.3585466e-11	  -4.0025600e-11	
   1.9555900e+00	   5.3447807e-11	  -5.0000000e+01	   3.4355588e-11	  -4.0943396e-11	
   1.9586800e+00	   5.4661582e-11	  -5.0000000e+01	   3.5135788e-11	  -4.1873201e-11	
   1.9617700e+00	   5.5887108e-11	  -5.0000000e+01	   3.5923541e-11	  -4.2812009e-11	
   1.9648800e+00	   5.7132376e-11	  -5.0000000e+01	   3.6723983e-11	  -4.3765939e-11	
   1.9680000e+00	   5.8393496e-11	  -5.0000000e+01	   3.7534616e-11	  -4.4732013e-11	
   1.9711300e+00	   5.9670526e-11	  -5.0000000e+01	   3.8355474e-11	  -4.5710275e-11	
   1.9742700e+00	   6.0963522e-11	  -5.0000000e+01	   3.9186597e-11	  -4.6700767e-11	
   1.9774200e+00	   6.2272542e-11	  -5.0000000e+01	   4.0028018e-11	  -4.7703535e-11	
   1.9805800e+00	   6.3597642e-11	  -5.0000000e+01	   4.0879776e-11	  -4.8718620e-11	
   1.9837500e+00	   6.4938878e-11	  -5.0000000e+01	   4.1741906e-11	  -4.9746067e-11	
   1.9869300e+00	   6.6296306e-11	  -5.0000000e+01	   4.2614444e-11	  -5.0785917e-11	
   1.9901200e+00	   6.7669981e-11	  -5.0000000e+01	   4.3497425e-11	  -5.1838213e-11	
   1.9933100e+00	   6.9055596e-11	  -5.0000000e+01	   4.4388081e-11	  -5.2899655e-11	
   1.9965200e+00	   7.0461892e-11	  -5.0000000e+01	   4.5292031e-11	  -5.3976941e-11	
   1.9997400e+00	   7.1884599e-11	  -5.0000000e+01	   4.6206530e-11	  -5.5066798e-11	
   2.0029800e+00	   7.3328245e-11	  -5.0000000e+01	   4.7134487e-11	  -5.6172695e-11	
   2.0062200e+00	   7.4783973e-11	  -5.0000000e+01	   4.8070211e-11	  -5.7287847e-11	
   2.0094700e+00	   7.6256271e-11	  -5.0000000e+01	   4.9016586e-11	  -5.8415693e-11	
   2.0127300e+00	   7.7745194e-11	  -5.0000000e+01	   4.9973648e-11	  -5.9556274e-11	
   2.0160000e+00	   7.9250794e-11	  -5.0000000e+01	   5.0941428e-11	  -6.0709630e-11	
   2.0192900e+00	   8.0777782e-11	  -5.0000000e+01	   5.1922957e-11	  -6.1879371e-11	
   2.0225800e+00	   8.2316927e-11	  -5.0000000e+01	   5.2912301e-11	  -6.3058425e-11	
   2.0258900e+00	   8.3877638e-11	  -5.0000000e+01	   5.3915506e-11	  -6.4253998e-11	
   2.0292000e+00	   8.5450534e-11	  -5.0000000e+01	   5.4926545e-11	  -6.5458907e-11	
   2.0325300e+00	   8.7045171e-11	  -5.0000000e+01	   5.5951557e-11	  -6.6680470e-11	
   2.0358600e+00	   8.8652021e-11	  -5.0000000e+01	   5.6984421e-11	  -6.7911388e-11	
   2.0392100e+00	   9.0280784e-11	  -5.0000000e+01	   5.8031370e-11	  -6.9159093e-11	
   2.0425700e+00	   9.1926704e-11	  -5.0000000e+01	   5.9089346e-11	  -7.0419941e-11	
   2.0459400e+00	   9.3589829e-11	  -5.0000000e+01	   6.0158382e-11	  -7.1693968e-11	
   2.0493300e+00	   9.5275196e-11	  -5.0000000e+01	   6.1241716e-11	  -7.2985035e-11	
   2.0527200e+00	   9.6972913e-11	  -5.0000000e+01	   6.2332987e-11	  -7.4285561e-11	
   2.0561200e+00	   9.8687979e-11	  -5.0000000e+01	   6.3435410e-11	  -7.5599378e-11	
   2.0595400e+00	   1.0042554e-10	  -5.0000000e+01	   6.4552293e-11	  -7.6930428e-11	
   2.0629600e+00	   1.0217549e-10	  -5.0000000e+01	   6.5677136e-11	  -7.8270963e-11	
   2.0664000e+00	   1.0394809e-10	  -5.0000000e+01	   6.6816545e-11	  -7.9628858e-11	
   2.0698500e+00	   1.0573831e-10	  -5.0000000e+01	   6.7967274e-11	  -8.1000243e-11	
   2.0733100e+00	   1.0754618e-10	  -5.0000000e+01	   6.9129352e-11	  -8.2385153e-11	
   2.0767900e+00	   1.0937703e-10	  -5.0000000e+01	   7.0306201e-11	  -8.3787668e-11	
   2.0802700e+00	   1.1122039e-10	  -5.0000000e+01	   7.1491087e-11	  -8.5199760e-11	
   2.0837700e+00	   1.1308689e-10	  -5.0000000e+01	   7.2690849e-11	  -8.6629581e-11	
   2.0872800e+00	   1.1497129e-10	  -5.0000000e+01	   7.3902122e-11	  -8.8073119e-11	
   2.0908000e+00	   1.1687365e-10	  -5.0000000e+01	   7.5124933e-11	  -8.9530409e-11	
   2.0943300e+00	   1.1879400e-10	  -5.0000000e+01	   7.6359311e-11	  -9.1001484e-11	
   2.0978700e+00	   1.2073239e-10	  -5.0000000e+01	   7.7605284e-11	  -9.2486376e-11	
   2.1014300e+00	   1.2269439e-10	  -5.0000000e+01	   7.8866434e-11	  -9.3989356e-11	
   2.1049900e+00	   1.2466902e-10	  -5.0000000e+01	   8.0135701e-11	  -9.5502010e-11	
   2.1085700e+00	   1.2666742e-10	  -5.0000000e+01	   8.1420245e-11	  -9.7032870e-11	
   2.1121700e+00	   1.2868972e-10	  -5.0000000e+01	   8.2720160e-11	  -9.8582048e-11	
   2.1157700e+00	   1.3072475e-10	  -5.0000000e+01	   8.4028251e-11	  -1.0014097e-10	
   2.1193900e+00	   1.3278385e-10	  -5.0000000e+01	   8.5351811e-11	  -1.0171833e-10	
   2.1230200e+00	   1.3486141e-10	  -5.0000000e+01	   8.6687244e-11	  -1.0330983e-10	
   2.1266600e+00	   1.3695749e-10	  -5.0000000e+01	   8.8034576e-11	  -1.0491552e-10	
   2.1303100e+00	   1.3907211e-10	  -5.0000000e+01	   8.9393831e-11	  -1.0653542e-10	
   2.1339800e+00	   1.4121118e-10	  -5.0000000e+01	   9.0768794e-11	  -1.0817404e-10	
   2.1376600e+00	   1.4336894e-10	  -5.0000000e+01	   9.2155776e-11	  -1.0982698e-10	
   2.1413500e+00	   1.4554543e-10	  -5.0000000e+01	   9.3554802e-11	  -1.1149427e-10	
   2.1450500e+00	   1.4774071e-10	  -5.0000000e+01	   9.4965896e-11	  -1.1317595e-10	
   2.1487700e+00	   1.4996078e-10	  -5.0000000e+01	   9.6392930e-11	  -1.1487662e-10	
   2.1525000e+00	   1.5219977e-10	  -5.0000000e+01	   9.7832125e-11	  -1.1659179e-10	
   2.1562500e+00	   1.5446377e-10	  -5.0000000e+01	   9.9287396e-11	  -1.1832611e-10	
   2.1600000e+00	   1.5674074e-10	  -5.0000000e+01	   1.0075101e-10	  -1.2007037e-10	
   2.1637700e+00	   1.5904287e-10	  -5.0000000e+01	   1.0223078e-10	  -1.2183390e-10	
   2.1675600e+00	   1.6137028e-10	  -5.0000000e+01	   1.0372682e-10	  -1.2361681e-10	
   2.1713500e+00	   1.6371074e-10	  -5.0000000e+01	   1.0523124e-10	  -1.2540970e-10	
   2.1751600e+00	   1.6607663e-10	  -5.0000000e+01	   1.0675200e-10	  -1.2722208e-10	
   2.1789800e+00	   1.6846182e-10	  -5.0000000e+01	   1.0828517e-10	  -1.2904924e-10	
   2.1828200e+00	   1.7087265e-10	  -5.0000000e+01	   1.0983482e-10	  -1.3089605e-10	
   2.1866700e+00	   1.7330292e-10	  -5.0000000e+01	   1.1139697e-10	  -1.3275774e-10	
   2.1905300e+00	   1.7575267e-10	  -5.0000000e+01	   1.1297164e-10	  -1.3463435e-10	
   2.1944100e+00	   1.7822832e-10	  -5.0000000e+01	   1.1456295e-10	  -1.3653081e-10	
   2.1983000e+00	   1.8072357e-10	  -5.0000000e+01	   1.1616687e-10	  -1.3844229e-10	
   2.2022100e+00	   1.8324493e-10	  -5.0000000e+01	   1.1778757e-10	  -1.4037376e-10	
   2.2061200e+00	   1.8577953e-10	  -5.0000000e+01	   1.1941678e-10	  -1.4231537e-10	
   2.2100600e+00	   1.8834689e-10	  -5.0000000e+01	   1.2106705e-10	  -1.4428209e-10	
   2.2140000e+00	   1.9092755e-10	  -5.0000000e+01	   1.2272586e-10	  -1.4625899e-10	
   2.2179600e+00	   1.9353464e-10	  -5.0000000e+01	   1.2440167e-10	  -1.4825614e-10	
   2.2219400e+00	   1.9616830e-10	  -5.0000000e+01	   1.2609455e-10	  -1.5027363e-10	
   2.2259300e+00	   1.9882197e-10	  -5.0000000e+01	   1.2780030e-10	  -1.5230646e-10	
   2.2299300e+00	   2.0149569e-10	  -5.0000000e+01	   1.2951893e-10	  -1.5435465e-10	
   2.2339500e+00	   2.0419623e-10	  -5.0000000e+01	   1.3125481e-10	  -1.5642339e-10	
   2.2379800e+00	   2.0691694e-10	  -5.0000000e+01	   1.3300364e-10	  -1.5850757e-10	
   2.2420300e+00	   2.0966465e-10	  -5.0000000e+01	   1.3476984e-10	  -1.6061244e-10	
   2.2460900e+00	   2.1243265e-10	  -5.0000000e+01	   1.3654908e-10	  -1.6273285e-10	
   2.2501700e+00	   2.1522785e-10	  -5.0000000e+01	   1.3834579e-10	  -1.6487410e-10	
   2.2542600e+00	   2.1804345e-10	  -5.0000000e+01	   1.4015563e-10	  -1.6703098e-10	
   2.2583600e+00	   2.2087950e-10	  -5.0000000e+01	   1.4197860e-10	  -1.6920351e-10	
   2.2624800e+00	   2.2374297e-10	  -5.0000000e+01	   1.4381921e-10	  -1.7139706e-10	
   2.2666200e+00	   2.2663400e-10	  -5.0000000e+01	   1.4567753e-10	  -1.7361172e-10	
   2.2707700e+00	   2.2954567e-10	  -5.0000000e+01	   1.4754911e-10	  -1.7584219e-10	
   2.2749400e+00	   2.3248508e-10	  -5.0000000e+01	   1.4943853e-10	  -1.7809390e-10	
   2.2791200e+00	   2.3544524e-10	  -5.0000000e+01	   1.5134128e-10	  -1.8036152e-10	
   2.2833200e+00	   2.3843331e-10	  -5.0000000e+01	   1.5326198e-10	  -1.8265052e-10	
   2.2875300e+00	   2.4144225e-10	  -5.0000000e+01	   1.5519609e-10	  -1.8495550e-10	
   2.2917600e+00	   2.4447928e-10	  -5.0000000e+01	   1.5714825e-10	  -1.8728199e-10	
   2.2960000e+00	   2.4753728e-10	  -5.0000000e+01	   1.5911390e-10	  -1.8962456e-10	
   2.3002600e+00	   2.5062354e-10	  -5.0000000e+01	   1.6109771e-10	  -1.9198877e-10	
   2.3045400e+00	   2.5373818e-10	  -5.0000000e+01	   1.6309976e-10	  -1.9437472e-10	
   2.3088300e+00	   2.5687398e-10	  -5.0000000e+01	   1.6511541e-10	  -1.9677688e-10	
   2.3131400e+00	   2.6003833e-10	  -5.0000000e+01	   1.6714941e-10	  -1.9920092e-10	
   2.3174600e+00	   2.6322394e-10	  -5.0000000e+01	   1.6919709e-10	  -2.0164124e-10	
   2.3218000e+00	   2.6643827e-10	  -5.0000000e+01	   1.7126322e-10	  -2.0410356e-10	
   2.3261600e+00	   2.6968143e-10	  -5.0000000e+01	   1.7334788e-10	  -2.0658796e-10	
   2.3305300e+00	   2.7294604e-10	  -5.0000000e+01	   1.7544633e-10	  -2.0908880e-10	
   2.3349200e+00	   2.7623964e-10	  -5.0000000e+01	   1.7756342e-10	  -2.1161184e-10	
   2.3393200e+00	   2.7955479e-10	  -5.0000000e+01	   1.7969435e-10	  -2.1415139e-10	
   2.3437500e+00	   2.8290667e-10	  -5.0000000e+01	   1.8184890e-10	  -2.1671908e-10	
   2.3481900e+00	   2.8628026e-10	  -5.0000000e+01	   1.8401740e-10	  -2.1930340e-10	
   2.3526400e+00	   2.8967558e-10	  -5.0000000e+01	   1.8619987e-10	  -2.2190437e-10	
   2.3571100e+00	   2.9310031e-10	  -5.0000000e+01	   1.8840125e-10	  -2.2452787e-10	
   2.3616000e+00	   2.9655458e-10	  -5.0000000e+01	   1.9062161e-10	  -2.2717399e-10	
   2.3661100e+00	   3.0003848e-10	  -5.0000000e+01	   1.9286102e-10	  -2.2984281e-10	
   2.3706300e+00	   3.0354436e-10	  -5.0000000e+01	   1.9511455e-10	  -2.3252847e-10	
   2.3751800e+00	   3.0708782e-10	  -5.0000000e+01	   1.9739225e-10	  -2.3524292e-10	
   2.3797300e+00	   3.1064558e-10	  -5.0000000e+01	   1.9967913e-10	  -2.3796832e-10	
   2.3843100e+00	   3.1424114e-10	  -5.0000000e+01	   2.0199031e-10	  -2.4072268e-10	
   2.3889100e+00	   3.1786680e-10	  -5.0000000e+01	   2.0432084e-10	  -2.4350010e-10	
   2.3935200e+00	   3.2151475e-10	  -5.0000000e+01	   2.0666570e-10	  -2.4629459e-10	
   2.3981500e+00	   3.2519295e-10	  -5.0000000e+01	   2.0903000e-10	  -2.4911225e-10	
   2.4027900e+00	   3.2888185e-10	  -5.0000000e+01	   2.1140118e-10	  -2.5193812e-10	
   2.4074600e+00	   3.3254928e-10	  -5.0000000e+01	   2.1375856e-10	  -2.5474753e-10	
   2.4121400e+00	   3.3617404e-10	  -5.0000000e+01	   2.1608851e-10	  -2.5752425e-10	
   2.4168500e+00	   3.3977125e-10	  -5.0000000e+01	   2.1840075e-10	  -2.6027988e-10	
   2.4215700e+00	   3.4332531e-10	  -5.0000000e+01	   2.2068526e-10	  -2.6300245e-10	
   2.4263000e+00	   3.4683618e-10	  -5.0000000e+01	   2.2294200e-10	  -2.6569193e-10	
   2.4310600e+00	   3.5031836e-10	  -5.0000000e+01	   2.2518030e-10	  -2.6835943e-10	
   2.4358400e+00	   3.5376404e-10	  -5.0000000e+01	   2.2739514e-10	  -2.7099897e-10	
   2.4406300e+00	   3.5716582e-10	  -5.0000000e+01	   2.2958176e-10	  -2.7360489e-10	
   2.4454500e+00	   3.6053757e-10	  -5.0000000e+01	   2.3174908e-10	  -2.7618780e-10	
   2.4502800e+00	   3.6386496e-10	  -5.0000000e+01	   2.3388789e-10	  -2.7873673e-10	
   2.4551300e+00	   3.6715472e-10	  -5.0000000e+01	   2.3600250e-10	  -2.8125683e-10	
   2.4600000e+00	   3.7040650e-10	  -5.0000000e+01	   2.3809271e-10	  -2.8374784e-10	
   2.4648900e+00	   3.7361999e-10	  -5.0000000e+01	   2.4015830e-10	  -2.8620952e-10	
   2.4698000e+00	   3.7679485e-10	  -5.0000000e+01	   2.4219906e-10	  -2.8864160e-10	
   2.4747300e+00	   3.7993076e-10	  -5.0000000e+01	   2.4421479e-10	  -2.9104385e-10	
   2.4796800e+00	   3.8302740e-10	  -5.0000000e+01	   2.4620527e-10	  -2.9341602e-10	
   2.4846500e+00	   3.8608446e-10	  -5.0000000e+01	   2.4817031e-10	  -2.9575786e-10	
   2.4896400e+00	   3.8910161e-10	  -5.0000000e+01	   2.5010970e-10	  -2.9806913e-10	
   2.4946500e+00	   3.9207855e-10	  -5.0000000e+01	   2.5202323e-10	  -3.0034959e-10	
   2.4996800e+00	   3.9501496e-10	  -5.0000000e+01	   2.5391072e-10	  -3.0259902e-10	
   2.5047300e+00	   3.9791053e-10	  -5.0000000e+01	   2.5577196e-10	  -3.0481715e-10	
   2.5098000e+00	   4.0076497e-10	  -5.0000000e+01	   2.5760676e-10	  -3.0700378e-10	
   2.5148900e+00	   4.0357796e-10	  -5.0000000e+01	   2.5941491e-10	  -3.0915865e-10	
   2.5200000e+00	   4.0634921e-10	  -5.0000000e+01	   2.6119624e-10	  -3.1128155e-10	
   2.5251400e+00	   4.0908368e-10	  -5.0000000e+01	   2.6295392e-10	  -3.1337628e-10	
   2.5302900e+00	   4.1177044e-10	  -5.0000000e+01	   2.6468094e-10	  -3.1543446e-10	
   2.5354600e+00	   4.1441457e-10	  -5.0000000e+01	   2.6638055e-10	  -3.1745998e-10	
   2.5406600e+00	   4.1702075e-10	  -5.0000000e+01	   2.6805577e-10	  -3.1945643e-10	
   2.5458800e+00	   4.1958350e-10	  -5.0000000e+01	   2.6970308e-10	  -3.2141961e-10	
   2.5511100e+00	   4.2209781e-10	  -5.0000000e+01	   2.7131924e-10	  -3.2334568e-10	
   2.5563700e+00	   4.2457299e-10	  -5.0000000e+01	   2.7291026e-10	  -3.2524178e-10	
   2.5616600e+00	   4.2700846e-10	  -5.0000000e+01	   2.7447575e-10	  -3.2710746e-10	
   2.5669600e+00	   4.2939474e-10	  -5.0000000e+01	   2.7600962e-10	  -3.2893545e-10	
   2.5722900e+00	   4.3174055e-10	  -5.0000000e+01	   2.7751748e-10	  -3.3073245e-10	
   2.5776300e+00	   4.3403683e-10	  -5.0000000e+01	   2.7899350e-10	  -3.3249151e-10	
   2.5830000e+00	   4.3629191e-10	  -5.0000000e+01	   2.8044303e-10	  -3.3421899e-10	
   2.5884000e+00	   4.3850521e-10	  -5.0000000e+01	   2.8186571e-10	  -3.3591448e-10	
   2.5938100e+00	   4.4066827e-10	  -5.0000000e+01	   2.8325610e-10	  -3.3757148e-10	
   2.5992500e+00	   4.4278883e-10	  -5.0000000e+01	   2.8461918e-10	  -3.3919593e-10	
   2.6047100e+00	   4.4486259e-10	  -5.0000000e+01	   2.8595216e-10	  -3.4078451e-10	
   2.6101900e+00	   4.4688928e-10	  -5.0000000e+01	   2.8725489e-10	  -3.4233705e-10	
   2.6157000e+00	   4.4887220e-10	  -5.0000000e+01	   2.8852949e-10	  -3.4385606e-10	
   2.6212300e+00	   4.5080736e-10	  -5.0000000e+01	   2.8977338e-10	  -3.4533847e-10	
   2.6267800e+00	   4.5269450e-10	  -5.0000000e+01	   2.9098642e-10	  -3.4678411e-10	
   2.6323600e+00	   4.5453664e-10	  -5.0000000e+01	   2.9217052e-10	  -3.4819526e-10	
   2.6379600e+00	   4.5633007e-10	  -5.0000000e+01	   2.9332332e-10	  -3.4956912e-10	
   2.6435900e+00	   4.5807762e-10	  -5.0000000e+01	   2.9444662e-10	  -3.5090782e-10	
   2.6492300e+00	   4.5977285e-10	  -5.0000000e+01	   2.9553629e-10	  -3.5220643e-10	
   2.6549100e+00	   4.6142437e-10	  -5.0000000e+01	   2.9659787e-10	  -3.5347158e-10	
   2.6606000e+00	   4.6302311e-10	  -5.0000000e+01	   2.9762552e-10	  -3.5469628e-10	
   2.6663300e+00	   4.6457710e-10	  -5.0000000e+01	   2.9862440e-10	  -3.5588671e-10	
   2.6720700e+00	   4.6607785e-10	  -5.0000000e+01	   2.9958906e-10	  -3.5703634e-10	
   2.6778400e+00	   4.6753035e-10	  -5.0000000e+01	   3.0052272e-10	  -3.5814903e-10	
   2.6836400e+00	   4.6893410e-10	  -5.0000000e+01	   3.0142503e-10	  -3.5922436e-10	
   2.6894600e+00	   4.7028631e-10	  -5.0000000e+01	   3.0229421e-10	  -3.6026021e-10	
   2.6953100e+00	   4.7158895e-10	  -5.0000000e+01	   3.0313153e-10	  -3.6125809e-10	
   2.7011800e+00	   4.7283943e-10	  -5.0000000e+01	   3.0393533e-10	  -3.6221602e-10	
   2.7070800e+00	   4.7403954e-10	  -5.0000000e+01	   3.0470674e-10	  -3.6313535e-10	
   2.7130000e+00	   4.7518688e-10	  -5.0000000e+01	   3.0544424e-10	  -3.6401427e-10	
   2.7189500e+00	   4.7628305e-10	  -5.0000000e+01	   3.0614884e-10	  -3.6485398e-10	
   2.7249300e+00	   4.7732756e-10	  -5.0000000e+01	   3.0682024e-10	  -3.6565413e-10	
   2.7309300e+00	   4.7831833e-10	  -5.0000000e+01	   3.0745709e-10	  -3.6641310e-10	
   2.7369600e+00	   4.7925666e-10	  -5.0000000e+01	   3.0806024e-10	  -3.6713190e-10	
   2.7430100e+00	   4.8014068e-10	  -5.0000000e+01	   3.0862848e-10	  -3.6780910e-10	
   2.7490900e+00	   4.8097150e-10	  -5.0000000e+01	   3.0916252e-10	  -3.6844555e-10	
   2.7552000e+00	   4.8174866e-10	  -5.0000000e+01	   3.0966207e-10	  -3.6904089e-10	
   2.7613400e+00	   4.8247170e-10	  -5.0000000e+01	   3.1012683e-10	  -3.6959477e-10	
   2.7675000e+00	   4.8313911e-10	  -5.0000000e+01	   3.1055584e-10	  -3.7010603e-10	
   2.7737000e+00	   4.8375261e-10	  -5.0000000e+01	   3.1095019e-10	  -3.7057600e-10	
   2.7799100e+00	   4.8430891e-10	  -5.0000000e+01	   3.1130777e-10	  -3.7100215e-10	
   2.7861600e+00	   4.8481039e-10	  -5.0000000e+01	   3.1163011e-10	  -3.7138630e-10	
   2.7924400e+00	   4.8525565e-10	  -5.0000000e+01	   3.1191632e-10	  -3.7172740e-10	
   2.7987400e+00	   4.8564369e-10	  -5.0000000e+01	   3.1216575e-10	  -3.7202465e-10	
   2.8050700e+00	   4.8597482e-10	  -5.0000000e+01	   3.1237859e-10	  -3.7227831e-10	
   2.8114300e+00	   4.8624860e-10	  -5.0000000e+01	   3.1255458e-10	  -3.7248804e-10	
   2.8178200e+00	   4.8646461e-10	  -5.0000000e+01	   3.1269342e-10	  -3.7265351e-10	
   2.8242400e+00	   4.8662240e-10	  -5.0000000e+01	   3.1279485e-10	  -3.7277438e-10	
   2.8306900e+00	   4.8672156e-10	  -5.0000000e+01	   3.1285859e-10	  -3.7285035e-10	
   2.8371700e+00	   4.8676166e-10	  -5.0000000e+01	   3.1288436e-10	  -3.7288107e-10	
   2.8436700e+00	   4.8674237e-10	  -5.0000000e+01	   3.1287196e-10	  -3.7286628e-10	
   2.8502100e+00	   4.8666320e-10	  -5.0000000e+01	   3.1282107e-10	  -3.7280564e-10	
   2.8567800e+00	   4.8652373e-10	  -5.0000000e+01	   3.1273143e-10	  -3.7269880e-10	
   2.8633800e+00	   4.8632356e-10	  -5.0000000e+01	   3.1260276e-10	  -3.7254546e-10	
   2.8700000e+00	   4.8606272e-10	  -5.0000000e+01	   3.1243509e-10	  -3.7234564e-10	
   2.8766600e+00	   4.8574002e-10	  -5.0000000e+01	   3.1222767e-10	  -3.7209844e-10	
   2.8833500e+00	   4.8535542e-10	  -5.0000000e+01	   3.1198045e-10	  -3.7180382e-10	
   2.8900700e+00	   4.8490853e-10	  -5.0000000e+01	   3.1169319e-10	  -3.7146148e-10	
   2.8968300e+00	   4.8439815e-10	  -5.0000000e+01	   3.1136513e-10	  -3.7107051e-10	
   2.9036100e+00	   4.8382542e-10	  -5.0000000e+01	   3.1099699e-10	  -3.7063178e-10	
   2.9104300e+00	   4.8318827e-10	  -5.0000000e+01	   3.1058743e-10	  -3.7014369e-10	
   2.9172700e+00	   4.8248818e-10	  -5.0000000e+01	   3.1013742e-10	  -3.6960739e-10	
   2.9241500e+00	   4.8172274e-10	  -5.0000000e+01	   3.0964541e-10	  -3.6902103e-10	
   2.9310700e+00	   4.8089132e-10	  -5.0000000e+01	   3.0911098e-10	  -3.6838412e-10	
   2.9380100e+00	   4.7999594e-10	  -5.0000000e+01	   3.0853544e-10	  -3.6769822e-10	
   2.9449900e+00	   4.7903368e-10	  -5.0000000e+01	   3.0791691e-10	  -3.6696109e-10	
   2.9520000e+00	   4.7800542e-10	  -5.0000000e+01	   3.0725596e-10	  -3.6617340e-10	
   2.9590500e+00	   4.7690921e-10	  -5.0000000e+01	   3.0655133e-10	  -3.6533365e-10	
   2.9661300e+00	   4.7574612e-10	  -5.0000000e+01	   3.0580371e-10	  -3.6444267e-10	
   2.9732400e+00	   4.7451582e-10	  -5.0000000e+01	   3.0501289e-10	  -3.6350020e-10	
   2.9803900e+00	   4.7321609e-10	  -5.0000000e+01	   3.0417744e-10	  -3.6250455e-10	
   2.9875700e+00	   4.7184829e-10	  -5.0000000e+01	   3.0329823e-10	  -3.6145676e-10	
   2.9947900e+00	   4.7041005e-10	  -5.0000000e+01	   3.0237375e-10	  -3.6035500e-10	
   3.0020400e+00	   4.6890290e-10	  -5.0000000e+01	   3.0140498e-10	  -3.5920046e-10	
   3.0093200e+00	   4.6732653e-10	  -5.0000000e+01	   3.0039170e-10	  -3.5799289e-10	
   3.0166500e+00	   4.6567602e-10	  -5.0000000e+01	   2.9933077e-10	  -3.5672852e-10	
   3.0240000e+00	   4.6395767e-10	  -5.0000000e+01	   2.9822624e-10	  -3.5541220e-10	
   3.0314000e+00	   4.6216404e-10	  -5.0000000e+01	   2.9707332e-10	  -3.5403820e-10	
   3.0388300e+00	   4.6029941e-10	  -5.0000000e+01	   2.9587476e-10	  -3.5260981e-10	
   3.0462900e+00	   4.5836348e-10	  -5.0000000e+01	   2.9463036e-10	  -3.5112679e-10	
   3.0538000e+00	   4.5635049e-10	  -5.0000000e+01	   2.9333644e-10	  -3.4958476e-10	
   3.0613400e+00	   4.5426526e-10	  -5.0000000e+01	   2.9199608e-10	  -3.4798738e-10	
   3.0689200e+00	   4.5210461e-10	  -5.0000000e+01	   2.9060724e-10	  -3.4633222e-10	
   3.0765300e+00	   4.4987096e-10	  -5.0000000e+01	   2.8917148e-10	  -3.4462115e-10	
   3.0841800e+00	   4.4756099e-10	  -5.0000000e+01	   2.8768666e-10	  -3.4285161e-10	
   3.0918700e+00	   4.4517415e-10	  -5.0000000e+01	   2.8615243e-10	  -3.4102319e-10	
   3.0996000e+00	   4.4270992e-10	  -5.0000000e+01	   2.8456845e-10	  -3.3913548e-10	
   3.1073700e+00	   4.4016778e-10	  -5.0000000e+01	   2.8293440e-10	  -3.3718808e-10	
   3.1151800e+00	   4.3754722e-10	  -5.0000000e+01	   2.8124993e-10	  -3.3518061e-10	
   3.1230300e+00	   4.3484771e-10	  -5.0000000e+01	   2.7951472e-10	  -3.3311267e-10	
   3.1309100e+00	   4.3207232e-10	  -5.0000000e+01	   2.7773073e-10	  -3.3098660e-10	
   3.1388400e+00	   4.2921350e-10	  -5.0000000e+01	   2.7589312e-10	  -3.2879662e-10	
   3.1468100e+00	   4.2627424e-10	  -5.0000000e+01	   2.7400380e-10	  -3.2654501e-10	
   3.1548100e+00	   4.2325786e-10	  -5.0000000e+01	   2.7206491e-10	  -3.2423433e-10	
   3.1628600e+00	   4.2015633e-10	  -5.0000000e+01	   2.7007128e-10	  -3.2185842e-10	
   3.1709500e+00	   4.1697289e-10	  -5.0000000e+01	   2.6802501e-10	  -3.1941977e-10	
   3.1790800e+00	   4.1370708e-10	  -5.0000000e+01	   2.6592579e-10	  -3.1691801e-10	
   3.1872500e+00	   4.1035842e-10	  -5.0000000e+01	   2.6377331e-10	  -3.1435279e-10	
   3.1954700e+00	   4.0692222e-10	  -5.0000000e+01	   2.6156456e-10	  -3.1172051e-10	
   3.2037300e+00	   4.0340209e-10	  -5.0000000e+01	   2.5930186e-10	  -3.0902393e-10	
   3.2120300e+00	   3.9979756e-10	  -5.0000000e+01	   2.5698492e-10	  -3.0626270e-10	
   3.2203700e+00	   3.9610819e-10	  -5.0000000e+01	   2.5461344e-10	  -3.0343648e-10	
   3.2287500e+00	   3.9233353e-10	  -5.0000000e+01	   2.5218713e-10	  -3.0054492e-10	
   3.2371800e+00	   3.8846851e-10	  -5.0000000e+01	   2.4970275e-10	  -2.9758414e-10	
   3.2456600e+00	   3.8451247e-10	  -5.0000000e+01	   2.4715985e-10	  -2.9455364e-10	
   3.2541800e+00	   3.8046951e-10	  -5.0000000e+01	   2.4456108e-10	  -2.9145655e-10	
   3.2627400e+00	   3.7633921e-10	  -5.0000000e+01	   2.4190618e-10	  -2.8829256e-10	
   3.2713500e+00	   3.7211621e-10	  -5.0000000e+01	   2.3919169e-10	  -2.8505755e-10	
   3.2800000e+00	   3.6780488e-10	  -5.0000000e+01	   2.3642042e-10	  -2.8175488e-10	
   3.2887000e+00	   3.6339971e-10	  -5.0000000e+01	   2.3358883e-10	  -2.7838033e-10	
   3.2974500e+00	   3.5890006e-10	  -5.0000000e+01	   2.3069651e-10	  -2.7493339e-10	
   3.3062400e+00	   3.5431055e-10	  -5.0000000e+01	   2.2774643e-10	  -2.7141763e-10	
   3.3150800e+00	   3.4962547e-10	  -5.0000000e+01	   2.2473492e-10	  -2.6782864e-10	
   3.3239700e+00	   3.4484417e-10	  -5.0000000e+01	   2.2166156e-10	  -2.6416596e-10	
   3.3329100e+00	   3.3996605e-10	  -5.0000000e+01	   2.1852597e-10	  -2.6042911e-10	
   3.3418900e+00	   3.3499608e-10	  -5.0000000e+01	   2.1533133e-10	  -2.5662189e-10	
   3.3509200e+00	   3.2992823e-10	  -5.0000000e+01	   2.1207378e-10	  -2.5273969e-10	
   3.3600000e+00	   3.2476190e-10	  -5.0000000e+01	   2.0875293e-10	  -2.4878205e-10	
   3.3691400e+00	   3.1949071e-10	  -5.0000000e+01	   2.0536467e-10	  -2.4474408e-10	
   3.3783200e+00	   3.1412559e-10	  -5.0000000e+01	   2.0191604e-10	  -2.4063416e-10	
   3.3875500e+00	   3.0866024e-10	  -5.0000000e+01	   1.9840298e-10	  -2.3644746e-10	
   3.3968300e+00	   3.0309409e-10	  -5.0000000e+01	   1.9482513e-10	  -2.3218354e-10	
   3.4061600e+00	   2.9742658e-10	  -5.0000000e+01	   1.9118212e-10	  -2.2784198e-10	
   3.4155400e+00	   2.9165714e-10	  -5.0000000e+01	   1.8747359e-10	  -2.2342233e-10	
   3.4249800e+00	   2.8577895e-10	  -5.0000000e+01	   1.8369517e-10	  -2.1891938e-10	
   3.4344600e+00	   2.7980393e-10	  -5.0000000e+01	   1.7985450e-10	  -2.1434225e-10	
   3.4440000e+00	   2.7371893e-10	  -5.0000000e+01	   1.7594314e-10	  -2.0968087e-10	
   3.4536000e+00	   2.6752319e-10	  -5.0000000e+01	   1.7196059e-10	  -2.0493465e-10	
   3.4632500e+00	   2.6122251e-10	  -5.0000000e+01	   1.6791060e-10	  -2.0010806e-10	
   3.4729500e+00	   2.5481639e-10	  -5.0000000e+01	   1.6379282e-10	  -1.9520068e-10	
   3.4827000e+00	   2.4830431e-10	  -5.0000000e+01	   1.5960693e-10	  -1.9021214e-10	
   3.4925100e+00	   2.4167896e-10	  -5.0000000e+01	   1.5534824e-10	  -1.8513683e-10	
   3.5023800e+00	   2.3495098e-10	  -5.0001597e+01	   1.5101856e-10	  -1.7998710e-10	
   3.5123000e+00	   2.2839476e-10	  -5.0043763e+01	   1.4667564e-10	  -1.7507262e-10	
   3.5222800e+00	   2.2211951e-10	  -5.0147231e+01	   1.4233797e-10	  -1.7051974e-10	
   3.5323100e+00	   2.1613540e-10	  -5.0317299e+01	   1.3801012e-10	  -1.6633616e-10	
   3.5424000e+00	   2.1044122e-10	  -5.0559613e+01	   1.3368805e-10	  -1.6252080e-10	
   3.5525600e+00	   2.0503806e-10	  -5.0880095e+01	   1.2936781e-10	  -1.5907411e-10	
   3.5627600e+00	   1.9994876e-10	  -5.1283141e+01	   1.2506240e-10	  -1.5600930e-10	
   3.5730300e+00	   1.9516648e-10	  -5.1775039e+01	   1.2075940e-10	  -1.5332033e-10	
   3.5833600e+00	   1.9070634e-10	  -5.2360263e+01	   1.1646332e-10	  -1.5101392e-10	
   3.5937400e+00	   1.8658354e-10	  -5.3042368e+01	   1.1217856e-10	  -1.4909523e-10	
   3.6041900e+00	   1.8280296e-10	  -5.3826147e+01	   1.0789714e-10	  -1.4756399e-10	
   3.6147000e+00	   1.7938311e-10	  -5.4713469e+01	   1.0362348e-10	  -1.4642566e-10	
   3.6252700e+00	   1.7633971e-10	  -5.5705574e+01	   9.9357847e-11	  -1.4568360e-10	
   3.6359000e+00	   1.7368982e-10	  -5.6802225e+01	   9.5100514e-11	  -1.4534113e-10	
   3.6465900e+00	   1.7145160e-10	  -5.8001482e+01	   9.0851743e-11	  -1.4540155e-10	
   3.6573500e+00	   1.6964258e-10	  -5.9300767e+01	   8.6607867e-11	  -1.4586872e-10	
   3.6681700e+00	   1.6828462e-10	  -6.0693131e+01	   8.2373133e-11	  -1.4674597e-10	
   3.6790600e+00	   1.6739677e-10	  -6.2172017e+01	   7.8143926e-11	  -1.4803785e-10	
   3.6900100e+00	   1.6699981e-10	  -6.3726165e+01	   7.3924428e-11	  -1.4974684e-10	
   3.7010200e+00	   1.6711222e-10	  -6.5343696e+01	   6.9714886e-11	  -1.5187603e-10	
   3.7121000e+00	   1.6775192e-10	  -6.7012664e+01	   6.5511766e-11	  -1.5443094e-10	
   3.7232500e+00	   1.6893573e-10	  -6.8718459e+01	   6.1315400e-11	  -1.5741570e-10	
   3.7344600e+00	   1.7067650e-10	  -7.0444133e+01	   5.7129833e-11	  -1.6083112e-10	
   3.7457500e+00	   1.7298959e-10	  -7.2177104e+01	   5.2947921e-11	  -1.6468733e-10	
   3.7571000e+00	   1.7588055e-10	  -7.3898936e+01	   4.8777392e-11	  -1.6898146e-10	
   3.7685200e+00	   1.7935817e-10	  -7.5596610e+01	   4.4614844e-11	  -1.7372067e-10	
   3.7800100e+00	   1.8342691e-10	  -7.7256809e+01	   4.0460589e-11	  -1.7890884e-10	
   3.7915600e+00	   1.8808455e-10	  -7.8866441e+01	   3.6318507e-11	  -1.8454475e-10	
   3.8032000e+00	   1.9334388e-10	  -8.0419694e+01	   3.2178188e-11	  -1.9064737e-10	
   3.8149000e+00	   1.9919023e-10	  -8.1904503e+01	   2.8050649e-11	  -1.9720525e-10	
   3.8266700e+00	   2.0562465e-10	  -8.3316206e+01	   2.3932614e-11	  -2.0422714e-10	
   3.8385200e+00	   2.1264898e-10	  -8.4651720e+01	   1.9820924e-11	  -2.1172321e-10	
   3.8504400e+00	   2.2025292e-10	  -8.5907339e+01	   1.5719379e-11	  -2.1969126e-10	
   3.8624400e+00	   2.2843804e-10	  -8.7083044e+01	   1.1624869e-11	  -2.2814206e-10	
   3.8745100e+00	   2.3719253e-10	  -8.8178072e+01	   7.5411307e-12	  -2.3707262e-10	
   3.8866500e+00	   2.4651078e-10	  -8.9193814e+01	   3.4684420e-12	  -2.4648637e-10	
   3.8988700e+00	   2.5639572e-10	  -9.0133238e+01	  -5.9623474e-13	  -2.5639502e-10	
   3.9111700e+00	   2.6679337e-10	  -9.1012340e+01	  -4.7136370e-12	  -2.6675173e-10	
   3.9235500e+00	   2.7763246e-10	  -9.1851659e+01	  -8.9708386e-12	  -2.7748749e-10	
   3.9360100e+00	   2.8891436e-10	  -9.2652325e+01	  -1.3369591e-11	  -2.8860486e-10	
   3.9485400e+00	   3.0063138e-10	  -9.3414888e+01	  -1.7907337e-11	  -3.0009758e-10	
   3.9611600e+00	   3.1280394e-10	  -9.4141822e+01	  -2.2592416e-11	  -3.1198700e-10	
   3.9738500e+00	   3.2541439e-10	  -9.4833309e+01	  -2.7418487e-11	  -3.2425724e-10	
   3.9866300e+00	   3.3848425e-10	  -9.5491828e+01	  -3.2394224e-11	  -3.3693056e-10	
   3.9994900e+00	   3.5200531e-10	  -9.6118237e+01	  -3.7516924e-11	  -3.5000031e-10	
   4.0124300e+00	   3.6597916e-10	  -9.6713961e+01	  -4.2787627e-11	  -3.6346934e-10	
   4.0254600e+00	   3.8041860e-10	  -9.7280842e+01	  -4.8211568e-11	  -3.7735124e-10	
   4.0385700e+00	   3.9531456e-10	  -9.7819807e+01	  -5.3785731e-11	  -3.9163848e-10	
   4.0517700e+00	   4.1068042e-10	  -9.8332603e+01	  -5.9515498e-11	  -4.0634507e-10	
   4.0650500e+00	   4.2650655e-10	  -9.8820144e+01	  -6.5397645e-11	  -4.2146291e-10	
   4.0784300e+00	   4.4281924e-10	  -9.9284396e+01	  -7.1442266e-11	  -4.3701817e-10	
   4.0918900e+00	   4.5959654e-10	  -9.9725853e+01	  -7.7641543e-11	  -4.5299092e-10	
   4.1054400e+00	   4.7685297e-10	  -1.0014602e+02	  -8.4001155e-11	  -4.6939596e-10	
   4.1190800e+00	   4.9459100e-10	  -1.0054598e+02	  -9.0522289e-11	  -4.8623654e-10	
   4.1328100e+00	   5.1281310e-10	  -1.0092680e+02	  -9.7206116e-11	  -5.0351588e-10	
   4.1466300e+00	   5.3152173e-10	  -1.0128946e+02	  -1.0405379e-10	  -5.2123715e-10	
   4.1605400e+00	   5.5071939e-10	  -1.0163494e+02	  -1.1106647e-10	  -5.3940346e-10	
   4.1745500e+00	   5.7042274e-10	  -1.0196436e+02	  -1.1825042e-10	  -5.5803130e-10	
   4.1886500e+00	   5.9062058e-10	  -1.0227832e+02	  -1.2560178e-10	  -5.7711079e-10	
   4.2028500e+00	   6.1133011e-10	  -1.0257786e+02	  -1.3312697e-10	  -5.9665879e-10	
   4.2171500e+00	   6.3255455e-10	  -1.0286371e+02	  -1.4082733e-10	  -6.1667895e-10	
   4.2315400e+00	   6.5428191e-10	  -1.0313640e+02	  -1.4869866e-10	  -6.3716052e-10	
   4.2460300e+00	   6.7653012e-10	  -1.0339679e+02	  -1.5674760e-10	  -6.5812095e-10	
   4.2606200e+00	   6.9930236e-10	  -1.0364552e+02	  -1.6497543e-10	  -6.7956376e-10	
   4.2753200e+00	   7.2261780e-10	  -1.0388335e+02	  -1.7338920e-10	  -7.0150743e-10	
   4.2901100e+00	   7.4644787e-10	  -1.0411051e+02	  -1.8197868e-10	  -7.2392554e-10	
   4.3050100e+00	   7.7082792e-10	  -1.0432785e+02	  -1.9075674e-10	  -7.4685176e-10	
   4.3200100e+00	   7.9574506e-10	  -1.0453571e+02	  -1.9971881e-10	  -7.7027437e-10	
   4.3351100e+00	   8.2120237e-10	  -1.0473459e+02	  -2.0886609e-10	  -7.9419664e-10	
   4.3503200e+00	   8.4722013e-10	  -1.0492505e+02	  -2.1820594e-10	  -8.1863797e-10	
   4.3656400e+00	   8.7380210e-10	  -1.0510750e+02	  -2.2773977e-10	  -8.4360222e-10	
   4.3810700e+00	   9.0095198e-10	  -1.0528233e+02	  -2.3746896e-10	  -8.6909318e-10	
   4.3966000e+00	   9.2865549e-10	  -1.0544981e+02	  -2.4738845e-10	  -8.9509775e-10	
   4.4122500e+00	   9.5695197e-10	  -1.0561051e+02	  -2.5751238e-10	  -9.2165311e-10	
   4.4280100e+00	   9.8582729e-10	  -1.0576463e+02	  -2.6783571e-10	  -9.4874627e-10	
   4.4438800e+00	   1.0152850e-09	  -1.0591250e+02	  -2.7835977e-10	  -9.7638082e-10	
   4.4598600e+00	   1.0453287e-09	  -1.0605442e+02	  -2.8908585e-10	  -1.0045603e-09	
   4.4759600e+00	   1.0759809e-09	  -1.0619074e+02	  -3.0002204e-10	  -1.0333061e-09	
   4.4921800e+00	   1.1072458e-09	  -1.0632172e+02	  -3.1116985e-10	  -1.0626225e-09	
   4.5085200e+00	   1.1391275e-09	  -1.0644761e+02	  -3.2253075e-10	  -1.0925133e-09	
   4.5249700e+00	   1.1716101e-09	  -1.0656855e+02	  -3.3409912e-10	  -1.1229640e-09	
   4.5415400e+00	   1.2047172e-09	  -1.0668486e+02	  -3.4588330e-10	  -1.1539966e-09	
   4.5582400e+00	   1.2384728e-09	  -1.0679681e+02	  -3.5789194e-10	  -1.1856342e-09	
   4.5750600e+00	   1.2728612e-09	  -1.0690451e+02	  -3.7011936e-10	  -1.2178618e-09	
   4.5920100e+00	   1.3079068e-09	  -1.0700822e+02	  -3.8257430e-10	  -1.2507027e-09	
   4.6090800e+00	   1.3435932e-09	  -1.0710805e+02	  -3.9525089e-10	  -1.2841415e-09	
   4.6262800e+00	   1.3799453e-09	  -1.0720422e+02	  -4.0815800e-10	  -1.3182018e-09	
   4.6436000e+00	   1.4169459e-09	  -1.0729684e+02	  -4.2128954e-10	  -1.3528677e-09	
   4.6610600e+00	   1.4546422e-09	  -1.0738617e+02	  -4.3466219e-10	  -1.3881833e-09	
   4.6786500e+00	   1.4930171e-09	  -1.0747228e+02	  -4.4826991e-10	  -1.4241328e-09	
   4.6963700e+00	   1.5320748e-09	  -1.0755531e+02	  -4.6211416e-10	  -1.4607203e-09	
   4.7142300e+00	   1.5718418e-09	  -1.0763544e+02	  -4.7620432e-10	  -1.4979706e-09	
   4.7322200e+00	   1.6123001e-09	  -1.0771274e+02	  -4.9053403e-10	  -1.5358672e-09	
   4.7503500e+00	   1.6534767e-09	  -1.0778736e+02	  -5.0511278e-10	  -1.5744352e-09	
   4.7686200e+00	   1.6953761e-09	  -1.0785942e+02	  -5.1994218e-10	  -1.6136791e-09	
   4.7870300e+00	   1.7380028e-09	  -1.0792900e+02	  -5.3502380e-10	  -1.6536031e-09	
   4.8055900e+00	   1.7813848e-09	  -1.0799626e+02	  -5.5036751e-10	  -1.6942336e-09	
   4.8242900e+00	   1.8255034e-09	  -1.0806123e+02	  -5.6596668e-10	  -1.7355531e-09	
   4.8431300e+00	   1.8703630e-09	  -1.0812402e+02	  -5.8182282e-10	  -1.7775657e-09	
   4.8621200e+00	   1.9159919e-09	  -1.0818473e+02	  -5.9794594e-10	  -1.8202982e-09	
   4.8812700e+00	   1.9624193e-09	  -1.0824347e+02	  -6.1434633e-10	  -1.8637779e-09	
   4.9005600e+00	   2.0096015e-09	  -1.0830026e+02	  -6.3100849e-10	  -1.9079639e-09	
   4.9200100e+00	   2.0575920e-09	  -1.0835524e+02	  -6.4795135e-10	  -1.9529066e-09	
   4.9396100e+00	   2.1063713e-09	  -1.0840842e+02	  -6.6516789e-10	  -1.9985874e-09	
   4.9593700e+00	   2.1559689e-09	  -1.0845992e+02	  -6.8266858e-10	  -2.0450343e-09	
   4.9792800e+00	   2.2063646e-09	  -1.0850976e+02	  -7.0044623e-10	  -2.0922284e-09	
   4.9993600e+00	   2.2576140e-09	  -1.0855806e+02	  -7.1852043e-10	  -2.1402218e-09	
   5.0196000e+00	   2.3096968e-09	  -1.0860483e+02	  -7.3688400e-10	  -2.1889955e-09	
   5.0400100e+00	   2.3626440e-09	  -1.0865017e+02	  -7.5554779e-10	  -2.2385786e-09	
   5.0605800e+00	   2.4164347e-09	  -1.0869409e+02	  -7.7450443e-10	  -2.2889516e-09	
   5.0813200e+00	   2.4711000e-09	  -1.0873668e+02	  -7.9376486e-10	  -2.3401437e-09	
   5.1022300e+00	   2.5266452e-09	  -1.0877796e+02	  -8.1333089e-10	  -2.3921599e-09	
   5.1233100e+00	   2.5830755e-09	  -1.0881799e+02	  -8.3320430e-10	  -2.4450050e-09	
   5.1445700e+00	   2.6404230e-09	  -1.0885683e+02	  -8.5339638e-10	  -2.4987093e-09	
   5.1660100e+00	   2.6986932e-09	  -1.0889451e+02	  -8.7390904e-10	  -2.5532779e-09	
   5.1876200e+00	   2.7578642e-09	  -1.0893106e+02	  -8.9473453e-10	  -2.6086903e-09	
   5.2094200e+00	   2.8179963e-09	  -1.0896655e+02	  -9.1589397e-10	  -2.6650030e-09	
   5.2314000e+00	   2.8790673e-09	  -1.0900099e+02	  -9.3737961e-10	  -2.7221954e-09	
   5.2535700e+00	   2.9411107e-09	  -1.0903444e+02	  -9.5920312e-10	  -2.7802988e-09	
   5.2759200e+00	   3.0041038e-09	  -1.0906690e+02	  -9.8135653e-10	  -2.8392920e-09	
   5.2984700e+00	   3.0681088e-09	  -1.0909845e+02	  -1.0038616e-09	  -2.8992332e-09	
   5.3212100e+00	   3.1331030e-09	  -1.0912909e+02	  -1.0267104e-09	  -2.9601014e-09	
   5.3441500e+00	   3.1991208e-09	  -1.0915887e+02	  -1.0499150e-09	  -3.0219287e-09	
   5.3672800e+00	   3.2661391e-09	  -1.0918779e+02	  -1.0734671e-09	  -3.0846934e-09	
   5.3906200e+00	   3.3342217e-09	  -1.0921592e+02	  -1.0973891e-09	  -3.1484554e-09	
   5.4141600e+00	   3.4033454e-09	  -1.0924326e+02	  -1.1216729e-09	  -3.2131931e-09	
   5.4379000e+00	   3.4735159e-09	  -1.0926983e+02	  -1.1463204e-09	  -3.2789117e-09	
   5.4618600e+00	   3.5447983e-09	  -1.0929568e+02	  -1.1713546e-09	  -3.3456724e-09	
   5.4860300e+00	   3.6171694e-09	  -1.0932082e+02	  -1.1967670e-09	  -3.4134533e-09	
   5.5104100e+00	   3.6906349e-09	  -1.0934527e+02	  -1.2225597e-09	  -3.4822598e-09	
   5.5350100e+00	   3.7652311e-09	  -1.0936906e+02	  -1.2487455e-09	  -3.5521261e-09	
   5.5598300e+00	   3.8409642e-09	  -1.0939221e+02	  -1.2753264e-09	  -3.6230579e-09	
   5.5848700e+00	   3.9178405e-09	  -1.0941473e+02	  -1.3023046e-09	  -3.6950611e-09	
   5.6101400e+00	   3.9958968e-09	  -1.0943666e+02	  -1.3296930e-09	  -3.7681704e-09	
   5.6356400e+00	   4.0751398e-09	  -1.0945801e+02	  -1.3574939e-09	  -3.8423918e-09	
   5.6613800e+00	   4.1556071e-09	  -1.0947880e+02	  -1.3857204e-09	  -3.9177608e-09	
   5.6873500e+00	   4.2372740e-09	  -1.0949904e+02	  -1.4143639e-09	  -3.9942541e-09	
   5.7135600e+00	   4.3201784e-09	  -1.0951875e+02	  -1.4434375e-09	  -4.0719074e-09	
   5.7400100e+00	   4.4043269e-09	  -1.0953794e+02	  -1.4729435e-09	  -4.1507268e-09	
   5.7667100e+00	   4.4897579e-09	  -1.0955664e+02	  -1.5028954e-09	  -4.2307483e-09	
   5.7936500e+00	   4.5764460e-09	  -1.0957486e+02	  -1.5332842e-09	  -4.3119483e-09	
   5.8208500e+00	   4.6644625e-09	  -1.0959261e+02	  -1.5641348e-09	  -4.3943933e-09	
   5.8483100e+00	   4.7538144e-09	  -1.0960992e+02	  -1.5954497e-09	  -4.4780902e-09	
   5.8760300e+00	   4.8445087e-09	  -1.0962678e+02	  -1.6272312e-09	  -4.5630454e-09	
   5.9040100e+00	   4.9365524e-09	  -1.0964322e+02	  -1.6594818e-09	  -4.6492655e-09	
   5.9322600e+00	   5.0299854e-09	  -1.0965925e+02	  -1.6922154e-09	  -4.7367880e-09	
   5.9607800e+00	   5.1248149e-09	  -1.0967487e+02	  -1.7254345e-09	  -4.8256195e-09	
   5.9895700e+00	   5.2210478e-09	  -1.0969010e+02	  -1.7591414e-09	  -4.9157667e-09	
   6.0186500e+00	   5.3187585e-09	  -1.0970496e+02	  -1.7933621e-09	  -5.0072991e-09	
   6.0480100e+00	   5.4179208e-09	  -1.0971946e+02	  -1.8280875e-09	  -5.1001923e-09	
   6.0776600e+00	   5.5185759e-09	  -1.0973359e+02	  -1.8633318e-09	  -5.1944850e-09	
   6.1075900e+00	   5.6206972e-09	  -1.0974738e+02	  -1.8990858e-09	  -5.2901522e-09	
   6.1378300e+00	   5.7243946e-09	  -1.0976084e+02	  -1.9353879e-09	  -5.3872968e-09	
   6.1683700e+00	   5.8296417e-09	  -1.0977397e+02	  -1.9722287e-09	  -5.4858944e-09	
   6.1992100e+00	   5.9364463e-09	  -1.0978678e+02	  -2.0096109e-09	  -5.5859519e-09	
   6.2303600e+00	   6.0448504e-09	  -1.0979929e+02	  -2.0475492e-09	  -5.6875090e-09	
   6.2618300e+00	   6.1548971e-09	  -1.0981149e+02	  -2.0860587e-09	  -5.7906059e-09	
   6.2936100e+00	   6.2665590e-09	  -1.0982341e+02	  -2.1251296e-09	  -5.8952172e-09	
   6.3257200e+00	   6.3799146e-09	  -1.0983504e+02	  -2.1647894e-09	  -6.0014163e-09	
   6.3581600e+00	   6.4949721e-09	  -1.0984639e+02	  -2.2050410e-09	  -6.1092108e-09	
   6.3909400e+00	   6.6117752e-09	  -1.0985749e+02	  -2.2458994e-09	  -6.2186419e-09	
   6.4240500e+00	   6.7302966e-09	  -1.0986831e+02	  -2.2873553e-09	  -6.3296839e-09	
   6.4575100e+00	   6.8506161e-09	  -1.0987889e+02	  -2.3294363e-09	  -6.4424116e-09	
   6.4913200e+00	   6.9727423e-09	  -1.0988922e+02	  -2.3721454e-09	  -6.5568332e-09	
   6.5254800e+00	   7.0966837e-09	  -1.0989931e+02	  -2.4154856e-09	  -6.6729565e-09	
