   1.4937900e+00	   0.0000000e+00	   0.0000000e+00	   0.0000000e+00	   0.0000000e+00	
   1.4955900e+00	   0.0000000e+00	   0.0000000e+00	   0.0000000e+00	   0.0000000e+00	
   1.4973900e+00	   0.0000000e+00	   0.0000000e+00	   0.0000000e+00	   0.0000000e+00	
   1.4992000e+00	   0.0000000e+00	   0.0000000e+00	   0.0000000e+00	   0.0000000e+00	
   1.5010200e+00	   0.0000000e+00	   0.0000000e+00	   0.0000000e+00	   0.0000000e+00	
   1.5028400e+00	   0.0000000e+00	   0.0000000e+00	   0.0000000e+00	   0.0000000e+00	
   1.5046600e+00	   0.0000000e+00	   0.0000000e+00	   0.0000000e+00	   0.0000000e+00	
   1.5064900e+00	   0.0000000e+00	   0.0000000e+00	   0.0000000e+00	   0.0000000e+00	
   1.5083200e+00	   0.0000000e+00	   0.0000000e+00	   0.0000000e+00	   0.0000000e+00	
   1.5101600e+00	   0.0000000e+00	   0.0000000e+00	   0.0000000e+00	   0.0000000e+00	
   1.5120000e+00	   0.0000000e+00	   0.0000000e+00	   0.0000000e+00	   0.0000000e+00	
   1.5138500e+00	   0.0000000e+00	   0.0000000e+00	   0.0000000e+00	   0.0000000e+00	
   1.5157000e+00	   0.0000000e+00	   0.0000000e+00	   0.0000000e+00	   0.0000000e+00	
   1.5175500e+00	   0.0000000e+00	   0.0000000e+00	   0.0000000e+00	   0.0000000e+00	
   1.5194100e+00	   0.0000000e+00	   0.0000000e+00	   0.0000000e+00	   0.0000000e+00	
   1.5212800e+00	   0.0000000e+00	   0.0000000e+00	   0.0000000e+00	   0.0000000e+00	
   1.5231500e+00	   0.0000000e+00	   0.0000000e+00	   0.0000000e+00	   0.0000000e+00	
   1.5250200e+00	   0.0000000e+00	   0.0000000e+00	   0.0000000e+00	   0.0000000e+00	
   1.5269000e+00	   0.0000000e+00	   0.0000000e+00	   0.0000000e+00	   0.0000000e+00	
   1.5287800e+00	   0.0000000e+00	   0.0000000e+00	   0.0000000e+00	   0.0000000e+00	
   1.5306700e+00	   0.0000000e+00	   0.0000000e+00	   0.0000000e+00	   0.0000000e+00	
   1.5325600e+00	   0.0000000e+00	   0.0000000e+00	   0.0000000e+00	   0.0000000e+00	
   1.5344600e+00	   0.0000000e+00	   0.0000000e+00	   0.0000000e+00	   0.0000000e+00	
   1.5363600e+00	   0.0000000e+00	   0.0000000e+00	   0.0000000e+00	   0.0000000e+00	
   1.5382700e+00	   0.0000000e+00	   0.0000000e+00	   0.0000000e+00	   0.0000000e+00	
   1.5401800e+00	   0.0000000e+00	   0.0000000e+00	   0.0000000e+00	   0.0000000e+00	
   1.5420900e+00	   0.0000000e+00	   0.0000000e+00	   0.0000000e+00	   0.0000000e+00	
   1.5440100e+00	   0.0000000e+00	   0.0000000e+00	   0.0000000e+00	   0.0000000e+00	
   1.5459400e+00	   0.0000000e+00	   0.0000000e+00	   0.0000000e+00	   0.0000000e+00	
   1.5478700e+00	   0.0000000e+00	   0.0000000e+00	   0.0000000e+00	   0.0000000e+00	
   1.5498000e+00	   0.0000000e+00	   0.0000000e+00	   0.0000000e+00	   0.0000000e+00	
   1.5517400e+00	   0.0000000e+00	   0.0000000e+00	   0.0000000e+00	   0.0000000e+00	
   1.5536900e+00	   0.0000000e+00	   0.0000000e+00	   0.0000000e+00	   0.0000000e+00	
   1.5556400e+00	   0.0000000e+00	   0.0000000e+00	   0.0000000e+00	   0.0000000e+00	
   1.5575900e+00	   0.0000000e+00	   0.0000000e+00	   0.0000000e+00	   0.0000000e+00	
   1.5595500e+00	   0.0000000e+00	   0.0000000e+00	   0.0000000e+00	   0.0000000e+00	
   1.5615100e+00	   0.0000000e+00	   0.0000000e+00	   0.0000000e+00	   0.0000000e+00	
   1.5634800e+00	   0.0000000e+00	   0.0000000e+00	   0.0000000e+00	   0.0000000e+00	
   1.5654600e+00	   0.0000000e+00	   0.0000000e+00	   0.0000000e+00	   0.0000000e+00	
   1.5674400e+00	   0.0000000e+00	   0.0000000e+00	   0.0000000e+00	   0.0000000e+00	
   1.5694200e+00	   0.0000000e+00	   0.0000000e+00	   0.0000000e+00	   0.0000000e+00	
   1.5714100e+00	   0.0000000e+00	   0.0000000e+00	   0.0000000e+00	   0.0000000e+00	
   1.5734000e+00	   0.0000000e+00	   0.0000000e+00	   0.0000000e+00	   0.0000000e+00	
   1.5754000e+00	   0.0000000e+00	   0.0000000e+00	   0.0000000e+00	   0.0000000e+00	
   1.5774100e+00	   0.0000000e+00	   0.0000000e+00	   0.0000000e+00	   0.0000000e+00	
   1.5794200e+00	   0.0000000e+00	   0.0000000e+00	   0.0000000e+00	   0.0000000e+00	
   1.5814300e+00	   0.0000000e+00	   0.0000000e+00	   0.0000000e+00	   0.0000000e+00	
   1.5834500e+00	   0.0000000e+00	   0.0000000e+00	   0.0000000e+00	   0.0000000e+00	
   1.5854800e+00	   0.0000000e+00	   0.0000000e+00	   0.0000000e+00	   0.0000000e+00	
   1.5875100e+00	   0.0000000e+00	   0.0000000e+00	   0.0000000e+00	   0.0000000e+00	
   1.5895400e+00	   0.0000000e+00	   0.0000000e+00	   0.0000000e+00	   0.0000000e+00	
   1.5915800e+00	   0.0000000e+00	   0.0000000e+00	   0.0000000e+00	   0.0000000e+00	
   1.5936300e+00	   0.0000000e+00	   0.0000000e+00	   0.0000000e+00	   0.0000000e+00	
   1.5956800e+00	   0.0000000e+00	   0.0000000e+00	   0.0000000e+00	   0.0000000e+00	
   1.5977300e+00	   0.0000000e+00	   0.0000000e+00	   0.0000000e+00	   0.0000000e+00	
   1.5998000e+00	   0.0000000e+00	   0.0000000e+00	   0.0000000e+00	   0.0000000e+00	
   1.6018600e+00	   0.0000000e+00	   0.0000000e+00	   0.0000000e+00	   0.0000000e+00	
   1.6039300e+00	   0.0000000e+00	   0.0000000e+00	   0.0000000e+00	   0.0000000e+00	
   1.6060100e+00	   0.0000000e+00	   0.0000000e+00	   0.0000000e+00	   0.0000000e+00	
   1.6081000e+00	   0.0000000e+00	   0.0000000e+00	   0.0000000e+00	   0.0000000e+00	
   1.6101800e+00	   0.0000000e+00	   0.0000000e+00	   0.0000000e+00	   0.0000000e+00	
   1.6122800e+00	   0.0000000e+00	   0.0000000e+00	   0.0000000e+00	   0.0000000e+00	
   1.6143800e+00	   0.0000000e+00	   0.0000000e+00	   0.0000000e+00	   0.0000000e+00	
   1.6164800e+00	   0.0000000e+00	   0.0000000e+00	   0.0000000e+00	   0.0000000e+00	
   1.6185900e+00	   0.0000000e+00	   0.0000000e+00	   0.0000000e+00	   0.0000000e+00	
   1.6207100e+00	   0.0000000e+00	   0.0000000e+00	   0.0000000e+00	   0.0000000e+00	
   1.6228300e+00	   0.0000000e+00	   0.0000000e+00	   0.0000000e+00	   0.0000000e+00	
   1.6249600e+00	   0.0000000e+00	   0.0000000e+00	   0.0000000e+00	   0.0000000e+00	
   1.6270900e+00	   0.0000000e+00	   0.0000000e+00	   0.0000000e+00	   0.0000000e+00	
   1.6292300e+00	   0.0000000e+00	   0.0000000e+00	   0.0000000e+00	   0.0000000e+00	
   1.6313700e+00	   0.0000000e+00	   0.0000000e+00	   0.0000000e+00	   0.0000000e+00	
   1.6335200e+00	   0.0000000e+00	   0.0000000e+00	   0.0000000e+00	   0.0000000e+00	
   1.6356800e+00	   0.0000000e+00	   0.0000000e+00	   0.0000000e+00	   0.0000000e+00	
   1.6378400e+00	   0.0000000e+00	   0.0000000e+00	   0.0000000e+00	   0.0000000e+00	
   1.6400000e+00	   0.0000000e+00	   0.0000000e+00	   0.0000000e+00	   0.0000000e+00	
   1.6421700e+00	   0.0000000e+00	   0.0000000e+00	   0.0000000e+00	   0.0000000e+00	
   1.6443500e+00	   0.0000000e+00	   0.0000000e+00	   0.0000000e+00	   0.0000000e+00	
   1.6465400e+00	   0.0000000e+00	   0.0000000e+00	   0.0000000e+00	   0.0000000e+00	
   1.6487300e+00	   0.0000000e+00	   0.0000000e+00	   0.0000000e+00	   0.0000000e+00	
   1.6509200e+00	   0.0000000e+00	   0.0000000e+00	   0.0000000e+00	   0.0000000e+00	
   1.6531200e+00	   0.0000000e+00	   0.0000000e+00	   0.0000000e+00	   0.0000000e+00	
   1.6553300e+00	   0.0000000e+00	   0.0000000e+00	   0.0000000e+00	   0.0000000e+00	
   1.6575400e+00	   0.0000000e+00	   0.0000000e+00	   0.0000000e+00	   0.0000000e+00	
   1.6597600e+00	   0.0000000e+00	   0.0000000e+00	   0.0000000e+00	   0.0000000e+00	
   1.6619900e+00	   0.0000000e+00	   0.0000000e+00	   0.0000000e+00	   0.0000000e+00	
   1.6642200e+00	   0.0000000e+00	   0.0000000e+00	   0.0000000e+00	   0.0000000e+00	
   1.6664500e+00	   0.0000000e+00	   0.0000000e+00	   0.0000000e+00	   0.0000000e+00	
   1.6687000e+00	   0.0000000e+00	   0.0000000e+00	   0.0000000e+00	   0.0000000e+00	
   1.6709500e+00	   0.0000000e+00	   0.0000000e+00	   0.0000000e+00	   0.0000000e+00	
   1.6732000e+00	   0.0000000e+00	   0.0000000e+00	   0.0000000e+00	   0.0000000e+00	
   1.6754600e+00	   0.0000000e+00	   0.0000000e+00	   0.0000000e+00	   0.0000000e+00	
   1.6777300e+00	   0.0000000e+00	   0.0000000e+00	   0.0000000e+00	   0.0000000e+00	
   1.6800000e+00	   0.0000000e+00	   0.0000000e+00	   0.0000000e+00	   0.0000000e+00	
   1.6822800e+00	   0.0000000e+00	   0.0000000e+00	   0.0000000e+00	   0.0000000e+00	
   1.6845700e+00	   0.0000000e+00	   0.0000000e+00	   0.0000000e+00	   0.0000000e+00	
   1.6868600e+00	   0.0000000e+00	   0.0000000e+00	   0.0000000e+00	   0.0000000e+00	
   1.6891600e+00	   0.0000000e+00	   0.0000000e+00	   0.0000000e+00	   0.0000000e+00	
   1.6914600e+00	   0.0000000e+00	   0.0000000e+00	   0.0000000e+00	   0.0000000e+00	
   1.6937700e+00	   0.0000000e+00	   0.0000000e+00	   0.0000000e+00	   0.0000000e+00	
   1.6960900e+00	   0.0000000e+00	   0.0000000e+00	   0.0000000e+00	   0.0000000e+00	
   1.6984100e+00	   0.0000000e+00	   0.0000000e+00	   0.0000000e+00	   0.0000000e+00	
   1.7007400e+00	   5.1516399e-16	  -5.0000000e+01	   3.3114103e-16	  -3.9463851e-16	
   1.7030800e+00	   8.9122296e-15	  -5.0000000e+01	   5.7286708e-15	  -6.8271640e-15	
   1.7054200e+00	   2.7560507e-14	  -5.0000000e+01	   1.7715552e-14	  -2.1112573e-14	
   1.7077700e+00	   5.6563027e-14	  -5.0000000e+01	   3.6358013e-14	  -4.3329792e-14	
   1.7101300e+00	   9.6008514e-14	  -5.0000000e+01	   6.1713083e-14	  -7.3546789e-14	
   1.7124900e+00	   1.4575277e-13	  -5.0000000e+01	   9.3688074e-14	  -1.1165310e-13	
   1.7148600e+00	   2.0602927e-13	  -5.0000000e+01	   1.3243306e-13	  -1.5782758e-13	
   1.7172300e+00	   2.7660630e-13	  -5.0000000e+01	   1.7779910e-13	  -2.1189272e-13	
   1.7196100e+00	   3.5780401e-13	  -5.0000000e+01	   2.2999199e-13	  -2.7409378e-13	
   1.7220000e+00	   4.4970964e-13	  -5.0000000e+01	   2.8906778e-13	  -3.4449757e-13	
   1.7244000e+00	   5.5241011e-13	  -5.0000000e+01	   3.5508238e-13	  -4.2317070e-13	
   1.7268000e+00	   6.6549919e-13	  -5.0000000e+01	   4.2777463e-13	  -5.0980196e-13	
   1.7292100e+00	   7.8946950e-13	  -5.0000000e+01	   5.0746122e-13	  -6.0476873e-13	
   1.7316200e+00	   9.2382800e-13	  -5.0000000e+01	   5.9382519e-13	  -7.0769331e-13	
   1.7340400e+00	   1.0691533e-12	  -5.0000000e+01	   6.8723848e-13	  -8.1901893e-13	
   1.7364700e+00	   1.2255308e-12	  -5.0000000e+01	   7.8775600e-13	  -9.3881105e-13	
   1.7389100e+00	   1.3930456e-12	  -5.0000000e+01	   8.9543246e-13	  -1.0671349e-12	
   1.7413500e+00	   1.5710317e-12	  -5.0000000e+01	   1.0098397e-12	  -1.2034801e-12	
   1.7438000e+00	   1.7602386e-12	  -5.0000000e+01	   1.1314595e-12	  -1.3484210e-12	
   1.7462600e+00	   1.9607505e-12	  -5.0000000e+01	   1.2603461e-12	  -1.5020220e-12	
   1.7487200e+00	   2.1717722e-12	  -5.0000000e+01	   1.3959882e-12	  -1.6636740e-12	
   1.7511900e+00	   2.3941810e-12	  -5.0000000e+01	   1.5389499e-12	  -1.8340490e-12	
   1.7536700e+00	   2.6280601e-12	  -5.0000000e+01	   1.6892845e-12	  -2.0132109e-12	
   1.7561500e+00	   2.8724858e-12	  -5.0000000e+01	   1.8463983e-12	  -2.2004518e-12	
   1.7586400e+00	   3.1284625e-12	  -5.0000000e+01	   2.0109370e-12	  -2.3965413e-12	
   1.7611400e+00	   3.3960726e-12	  -5.0000000e+01	   2.1829534e-12	  -2.6015426e-12	
   1.7636400e+00	   3.6742642e-12	  -5.0000000e+01	   2.3617715e-12	  -2.8146497e-12	
   1.7661600e+00	   3.9653446e-12	  -5.0000000e+01	   2.5488744e-12	  -3.0376302e-12	
   1.7686800e+00	   4.2670850e-12	  -5.0000000e+01	   2.7428293e-12	  -3.2687767e-12	
   1.7712000e+00	   4.5794399e-12	  -5.0000000e+01	   2.9436072e-12	  -3.5080545e-12	
   1.7737400e+00	   4.9049693e-12	  -5.0000000e+01	   3.1528535e-12	  -3.7574244e-12	
   1.7762800e+00	   5.2411903e-12	  -5.0000000e+01	   3.3689722e-12	  -4.0149847e-12	
   1.7788300e+00	   5.5894438e-12	  -5.0000000e+01	   3.5928252e-12	  -4.2817623e-12	
   1.7813800e+00	   5.9483811e-12	  -5.0000000e+01	   3.8235456e-12	  -4.5567243e-12	
   1.7839400e+00	   6.3194265e-12	  -5.0000000e+01	   4.0620491e-12	  -4.8409616e-12	
   1.7865200e+00	   6.7041716e-12	  -5.0000000e+01	   4.3093584e-12	  -5.1356934e-12	
   1.7890900e+00	   7.0981588e-12	  -5.0000000e+01	   4.5626085e-12	  -5.4375051e-12	
   1.7916800e+00	   7.5060032e-12	  -5.0000000e+01	   4.8247659e-12	  -5.7499321e-12	
   1.7942700e+00	   7.9246338e-12	  -5.0000000e+01	   5.0938564e-12	  -6.0706217e-12	
   1.7968700e+00	   8.3556824e-12	  -5.0000000e+01	   5.3709291e-12	  -6.4008241e-12	
   1.7994800e+00	   8.7992268e-12	  -5.0000000e+01	   5.6560340e-12	  -6.7405988e-12	
   1.8021000e+00	   9.2553443e-12	  -5.0000000e+01	   5.9492207e-12	  -7.0900051e-12	
   1.8047200e+00	   9.7223090e-12	  -5.0000000e+01	   6.2493797e-12	  -7.4477208e-12	
   1.8073500e+00	   1.0201918e-11	  -5.0000000e+01	   6.5576663e-12	  -7.8151224e-12	
   1.8099900e+00	   1.0694247e-11	  -5.0000000e+01	   6.8741295e-12	  -8.1922685e-12	
   1.8126300e+00	   1.1197446e-11	  -5.0000000e+01	   7.1975797e-12	  -8.5777415e-12	
   1.8152900e+00	   1.1715403e-11	  -5.0000000e+01	   7.5305161e-12	  -8.9745196e-12	
   1.8179500e+00	   1.2244299e-11	  -5.0000000e+01	   7.8704839e-12	  -9.3796775e-12	
   1.8206200e+00	   1.2786136e-11	  -5.0000000e+01	   8.2187698e-12	  -9.7947485e-12	
   1.8233000e+00	   1.3340988e-11	  -5.0000000e+01	   8.5754220e-12	  -1.0219790e-11	
   1.8259800e+00	   1.3906799e-11	  -5.0000000e+01	   8.9391180e-12	  -1.0653226e-11	
   1.8286800e+00	   1.4487864e-11	  -5.0000000e+01	   9.3126197e-12	  -1.1098348e-11	
   1.8313800e+00	   1.5079954e-11	  -5.0000000e+01	   9.6932079e-12	  -1.1551915e-11	
   1.8340900e+00	   1.5685274e-11	  -5.0000000e+01	   1.0082300e-11	  -1.2015617e-11	
   1.8368000e+00	   1.6301603e-11	  -5.0000000e+01	   1.0478468e-11	  -1.2487752e-11	
   1.8395300e+00	   1.6933561e-11	  -5.0000000e+01	   1.0884683e-11	  -1.2971860e-11	
   1.8422600e+00	   1.7576592e-11	  -5.0000000e+01	   1.1298015e-11	  -1.3464451e-11	
   1.8450000e+00	   1.8233062e-11	  -5.0000000e+01	   1.1719987e-11	  -1.3967336e-11	
   1.8477500e+00	   1.8903044e-11	  -5.0000000e+01	   1.2150643e-11	  -1.4480572e-11	
   1.8505100e+00	   1.9586609e-11	  -5.0000000e+01	   1.2590030e-11	  -1.5004213e-11	
   1.8532800e+00	   2.0283828e-11	  -5.0000000e+01	   1.3038194e-11	  -1.5538314e-11	
   1.8560500e+00	   2.0992195e-11	  -5.0000000e+01	   1.3493523e-11	  -1.6080955e-11	
   1.8588300e+00	   2.1714277e-11	  -5.0000000e+01	   1.3957668e-11	  -1.6634102e-11	
   1.8616200e+00	   2.2450145e-11	  -5.0000000e+01	   1.4430675e-11	  -1.7197809e-11	
   1.8644200e+00	   2.3199868e-11	  -5.0000000e+01	   1.4912588e-11	  -1.7772130e-11	
   1.8672300e+00	   2.3963516e-11	  -5.0000000e+01	   1.5403451e-11	  -1.8357119e-11	
   1.8700500e+00	   2.4741159e-11	  -5.0000000e+01	   1.5903310e-11	  -1.8952827e-11	
   1.8728700e+00	   2.5530047e-11	  -5.0000000e+01	   1.6410398e-11	  -1.9557151e-11	
   1.8757100e+00	   2.6335844e-11	  -5.0000000e+01	   1.6928354e-11	  -2.0174427e-11	
   1.8785500e+00	   2.7152945e-11	  -5.0000000e+01	   1.7453576e-11	  -2.0800362e-11	
   1.8814000e+00	   2.7984233e-11	  -5.0000000e+01	   1.7987918e-11	  -2.1437166e-11	
   1.8842600e+00	   2.8829777e-11	  -5.0000000e+01	   1.8531424e-11	  -2.2084891e-11	
   1.8871300e+00	   2.9689645e-11	  -5.0000000e+01	   1.9084136e-11	  -2.2743587e-11	
   1.8900000e+00	   3.0560847e-11	  -5.0000000e+01	   1.9644134e-11	  -2.3410967e-11	
   1.8928900e+00	   3.1449521e-11	  -5.0000000e+01	   2.0215362e-11	  -2.4091731e-11	
   1.8957800e+00	   3.2349584e-11	  -5.0000000e+01	   2.0793911e-11	  -2.4781219e-11	
   1.8986900e+00	   3.3267329e-11	  -5.0000000e+01	   2.1383827e-11	  -2.5484253e-11	
   1.9016000e+00	   3.4196517e-11	  -5.0000000e+01	   2.1981097e-11	  -2.6196052e-11	
   1.9045200e+00	   3.5140344e-11	  -5.0000000e+01	   2.2587778e-11	  -2.6919066e-11	
   1.9074500e+00	   3.6098878e-11	  -5.0000000e+01	   2.3203911e-11	  -2.7653345e-11	
   1.9103900e+00	   3.7072181e-11	  -5.0000000e+01	   2.3829538e-11	  -2.8398938e-11	
   1.9133400e+00	   3.8060318e-11	  -5.0000000e+01	   2.4464701e-11	  -2.9155895e-11	
   1.9162900e+00	   3.9059945e-11	  -5.0000000e+01	   2.5107249e-11	  -2.9921654e-11	
   1.9192600e+00	   4.0077903e-11	  -5.0000000e+01	   2.5761579e-11	  -3.0701455e-11	
   1.9222400e+00	   4.1110885e-11	  -5.0000000e+01	   2.6425568e-11	  -3.1492765e-11	
   1.9252200e+00	   4.2155430e-11	  -5.0000000e+01	   2.7096988e-11	  -3.2292933e-11	
   1.9282100e+00	   4.3215047e-11	  -5.0000000e+01	   2.7778097e-11	  -3.3104647e-11	
   1.9312200e+00	   4.4293401e-11	  -5.0000000e+01	   2.8471249e-11	  -3.3930714e-11	
   1.9342300e+00	   4.5383387e-11	  -5.0000000e+01	   2.9171879e-11	  -3.4765691e-11	
   1.9372500e+00	   4.6488631e-11	  -5.0000000e+01	   2.9882316e-11	  -3.5612357e-11	
   1.9402800e+00	   4.7609193e-11	  -5.0000000e+01	   3.0602600e-11	  -3.6470758e-11	
   1.9433300e+00	   4.8748891e-11	  -5.0000000e+01	   3.1335183e-11	  -3.7343817e-11	
   1.9463800e+00	   4.9900311e-11	  -5.0000000e+01	   3.2075302e-11	  -3.8225856e-11	
   1.9494400e+00	   5.1067230e-11	  -5.0000000e+01	   3.2825383e-11	  -3.9119768e-11	
   1.9525100e+00	   5.2249709e-11	  -5.0000000e+01	   3.3585466e-11	  -4.0025600e-11	
   1.9555900e+00	   5.3447807e-11	  -5.0000000e+01	   3.4355588e-11	  -4.0943396e-11	
   1.9586800e+00	   5.4661582e-11	  -5.0000000e+01	   3.5135788e-11	  -4.1873201e-11	
   1.9617700e+00	   5.5887108e-11	  -5.0000000e+01	   3.5923541e-11	  -4.2812009e-11	
   1.9648800e+00	   5.7132376e-11	  -5.0000000e+01	   3.6723983e-11	  -4.3765939e-11	
   1.9680000e+00	   5.8393496e-11	  -5.0000000e+01	   3.7534616e-11	  -4.4732013e-11	
   1.9711300e+00	   5.9670526e-11	  -5.0000000e+01	   3.8355474e-11	  -4.5710275e-11	
   1.9742700e+00	   6.0963522e-11	  -5.0000000e+01	   3.9186597e-11	  -4.6700767e-11	
   1.9774200e+00	   6.2272542e-11	  -5.0000000e+01	   4.0028018e-11	  -4.7703535e-11	
   1.9805800e+00	   6.3597642e-11	  -5.0000000e+01	   4.0879776e-11	  -4.8718620e-11	
   1.9837500e+00	   6.4938878e-11	  -5.0000000e+01	   4.1741906e-11	  -4.9746067e-11	
   1.9869300e+00	   6.6296306e-11	  -5.0000000e+01	   4.2614444e-11	  -5.0785917e-11	
   1.9901200e+00	   6.7669981e-11	  -5.0000000e+01	   4.3497425e-11	  -5.1838213e-11	
   1.9933100e+00	   6.9055596e-11	  -5.0000000e+01	   4.4388081e-11	  -5.2899655e-11	
   1.9965200e+00	   7.0461892e-11	  -5.0000000e+01	   4.5292031e-11	  -5.3976941e-11	
   1.9997400e+00	   7.1884599e-11	  -5.0000000e+01	   4.6206530e-11	  -5.5066798e-11	
   2.0029800e+00	   7.3328245e-11	  -5.0000000e+01	   4.7134487e-11	  -5.6172695e-11	
   2.0062200e+00	   7.4783973e-11	  -5.0000000e+01	   4.8070211e-11	  -5.7287847e-11	
   2.0094700e+00	   7.6256271e-11	  -5.0000000e+01	   4.9016586e-11	  -5.8415693e-11	
   2.0127300e+00	   7.7745194e-11	  -5.0000000e+01	   4.9973648e-11	  -5.9556274e-11	
   2.0160000e+00	   7.9250794e-11	  -5.0000000e+01	   5.0941428e-11	  -6.0709630e-11	
   2.0192900e+00	   8.0777782e-11	  -5.0000000e+01	   5.1922957e-11	  -6.1879371e-11	
   2.0225800e+00	   8.2316927e-11	  -5.0000000e+01	   5.2912301e-11	  -6.3058425e-11	
   2.0258900e+00	   8.3877638e-11	  -5.0000000e+01	   5.3915506e-11	  -6.4253998e-11	
   2.0292000e+00	   8.5450534e-11	  -5.0000000e+01	   5.4926545e-11	  -6.5458907e-11	
   2.0325300e+00	   8.7045171e-11	  -5.0000000e+01	   5.5951557e-11	  -6.6680470e-11	
   2.0358600e+00	   8.8652021e-11	  -5.0000000e+01	   5.6984421e-11	  -6.7911388e-11	
   2.0392100e+00	   9.0280784e-11	  -5.0000000e+01	   5.8031370e-11	  -6.9159093e-11	
   2.0425700e+00	   9.1926704e-11	  -5.0000000e+01	   5.9089346e-11	  -7.0419941e-11	
   2.0459400e+00	   9.3589829e-11	  -5.0000000e+01	   6.0158382e-11	  -7.1693968e-11	
   2.0493300e+00	   9.5275196e-11	  -5.0000000e+01	   6.1241716e-11	  -7.2985035e-11	
   2.0527200e+00	   9.6972913e-11	  -5.0000000e+01	   6.2332987e-11	  -7.4285561e-11	
   2.0561200e+00	   9.8687979e-11	  -5.0000000e+01	   6.3435410e-11	  -7.5599378e-11	
   2.0595400e+00	   1.0042554e-10	  -5.0000000e+01	   6.4552293e-11	  -7.6930428e-11	
   2.0629600e+00	   1.0217549e-10	  -5.0000000e+01	   6.5677136e-11	  -7.8270963e-11	
   2.0664000e+00	   1.0394809e-10	  -5.0000000e+01	   6.6816545e-11	  -7.9628858e-11	
   2.0698500e+00	   1.0573831e-10	  -5.0000000e+01	   6.7967274e-11	  -8.1000243e-11	
   2.0733100e+00	   1.0754618e-10	  -5.0000000e+01	   6.9129352e-11	  -8.2385153e-11	
   2.0767900e+00	   1.0937703e-10	  -5.0000000e+01	   7.0306201e-11	  -8.3787668e-11	
   2.0802700e+00	   1.1122039e-10	  -5.0000000e+01	   7.1491087e-11	  -8.5199760e-11	
   2.0837700e+00	   1.1308689e-10	  -5.0000000e+01	   7.2690849e-11	  -8.6629581e-11	
   2.0872800e+00	   1.1497129e-10	  -5.0000000e+01	   7.3902122e-11	  -8.8073119e-11	
   2.0908000e+00	   1.1687365e-10	  -5.0000000e+01	   7.5124933e-11	  -8.9530409e-11	
   2.0943300e+00	   1.1879400e-10	  -5.0000000e+01	   7.6359311e-11	  -9.1001484e-11	
   2.0978700e+00	   1.2073239e-10	  -5.0000000e+01	   7.7605284e-11	  -9.2486376e-11	
   2.1014300e+00	   1.2269439e-10	  -5.0000000e+01	   7.8866434e-11	  -9.3989356e-11	
   2.1049900e+00	   1.2466902e-10	  -5.0000000e+01	   8.0135701e-11	  -9.5502010e-11	
   2.1085700e+00	   1.2666742e-10	  -5.0000000e+01	   8.1420245e-11	  -9.7032870e-11	
   2.1121700e+00	   1.2868972e-10	  -5.0000000e+01	   8.2720160e-11	  -9.8582048e-11	
   2.1157700e+00	   1.3072475e-10	  -5.0000000e+01	   8.4028251e-11	  -1.0014097e-10	
   2.1193900e+00	   1.3278385e-10	  -5.0000000e+01	   8.5351811e-11	  -1.0171833e-10	
   2.1230200e+00	   1.3486141e-10	  -5.0000000e+01	   8.6687244e-11	  -1.0330983e-10	
   2.1266600e+00	   1.3695749e-10	  -5.0000000e+01	   8.8034576e-11	  -1.0491552e-10	
   2.1303100e+00	   1.3907211e-10	  -5.0000000e+01	   8.9393831e-11	  -1.0653542e-10	
   2.1339800e+00	   1.4121118e-10	  -5.0000000e+01	   9.0768794e-11	  -1.0817404e-10	
   2.1376600e+00	   1.4336894e-10	  -5.0000000e+01	   9.2155776e-11	  -1.0982698e-10	
   2.1413500e+00	   1.4554543e-10	  -5.0000000e+01	   9.3554802e-11	  -1.1149427e-10	
   2.1450500e+00	   1.4774071e-10	  -5.0000000e+01	   9.4965896e-11	  -1.1317595e-10	
   2.1487700e+00	   1.4996078e-10	  -5.0000000e+01	   9.6392930e-11	  -1.1487662e-10	
   2.1525000e+00	   1.5219977e-10	  -5.0000000e+01	   9.7832125e-11	  -1.1659179e-10	
   2.1562500e+00	   1.5446377e-10	  -5.0000000e+01	   9.9287396e-11	  -1.1832611e-10	
   2.1600000e+00	   1.5674074e-10	  -5.0000000e+01	   1.0075101e-10	  -1.2007037e-10	
   2.1637700e+00	   1.5904287e-10	  -5.0000000e+01	   1.0223078e-10	  -1.2183390e-10	
   2.1675600e+00	   1.6137028e-10	  -5.0000000e+01	   1.0372682e-10	  -1.2361681e-10	
   2.1713500e+00	   1.6371074e-10	  -5.0000000e+01	   1.0523124e-10	  -1.2540970e-10	
   2.1751600e+00	   1.6607663e-10	  -5.0000000e+01	   1.0675200e-10	  -1.2722208e-10	
   2.1789800e+00	   1.6846182e-10	  -5.0000000e+01	   1.0828517e-10	  -1.2904924e-10	
   2.1828200e+00	   1.7087265e-10	  -5.0000000e+01	   1.0983482e-10	  -1.3089605e-10	
   2.1866700e+00	   1.7330292e-10	  -5.0000000e+01	   1.1139697e-10	  -1.3275774e-10	
   2.1905300e+00	   1.7575267e-10	  -5.0000000e+01	   1.1297164e-10	  -1.3463435e-10	
   2.1944100e+00	   1.7822832e-10	  -5.0000000e+01	   1.1456295e-10	  -1.3653081e-10	
   2.1983000e+00	   1.8072357e-10	  -5.0000000e+01	   1.1616687e-10	  -1.3844229e-10	
   2.2022100e+00	   1.8324493e-10	  -5.0000000e+01	   1.1778757e-10	  -1.4037376e-10	
   2.2061200e+00	   1.8577953e-10	  -5.0000000e+01	   1.1941678e-10	  -1.4231537e-10	
   2.2100600e+00	   1.8834689e-10	  -5.0000000e+01	   1.2106705e-10	  -1.4428209e-10	
   2.2140000e+00	   1.9092755e-10	  -5.0000000e+01	   1.2272586e-10	  -1.4625899e-10	
   2.2179600e+00	   1.9353464e-10	  -5.0000000e+01	   1.2440167e-10	  -1.4825614e-10	
   2.2219400e+00	   1.9616830e-10	  -5.0000000e+01	   1.2609455e-10	  -1.5027363e-10	
   2.2259300e+00	   1.9882197e-10	  -5.0000000e+01	   1.2780030e-10	  -1.5230646e-10	
   2.2299300e+00	   2.0149569e-10	  -5.0000000e+01	   1.2951893e-10	  -1.5435465e-10	
   2.2339500e+00	   2.0419623e-10	  -5.0000000e+01	   1.3125481e-10	  -1.5642339e-10	
   2.2379800e+00	   2.0691694e-10	  -5.0000000e+01	   1.3300364e-10	  -1.5850757e-10	
   2.2420300e+00	   2.0966465e-10	  -5.0000000e+01	   1.3476984e-10	  -1.6061244e-10	
   2.2460900e+00	   2.1243265e-10	  -5.0000000e+01	   1.3654908e-10	  -1.6273285e-10	
   2.2501700e+00	   2.1522785e-10	  -5.0000000e+01	   1.3834579e-10	  -1.6487410e-10	
   2.2542600e+00	   2.1804345e-10	  -5.0000000e+01	   1.4015563e-10	  -1.6703098e-10	
   2.2583600e+00	   2.2087950e-10	  -5.0000000e+01	   1.4197860e-10	  -1.6920351e-10	
   2.2624800e+00	   2.2374297e-10	  -5.0000000e+01	   1.4381921e-10	  -1.7139706e-10	
   2.2666200e+00	   2.2663400e-10	  -5.0000000e+01	   1.4567753e-10	  -1.7361172e-10	
   2.2707700e+00	   2.2954567e-10	  -5.0000000e+01	   1.4754911e-10	  -1.7584219e-10	
   2.2749400e+00	   2.3248508e-10	  -5.0000000e+01	   1.4943853e-10	  -1.7809390e-10	
   2.2791200e+00	   2.3544524e-10	  -5.0000000e+01	   1.5134128e-10	  -1.8036152e-10	
   2.2833200e+00	   2.3843331e-10	  -5.0000000e+01	   1.5326198e-10	  -1.8265052e-10	
   2.2875300e+00	   2.4144225e-10	  -5.0000000e+01	   1.5519609e-10	  -1.8495550e-10	
   2.2917600e+00	   2.4447928e-10	  -5.0000000e+01	   1.5714825e-10	  -1.8728199e-10	
   2.2960000e+00	   2.4753728e-10	  -5.0000000e+01	   1.5911390e-10	  -1.8962456e-10	
   2.3002600e+00	   2.5062354e-10	  -5.0000000e+01	   1.6109771e-10	  -1.9198877e-10	
   2.3045400e+00	   2.5373818e-10	  -5.0000000e+01	   1.6309976e-10	  -1.9437472e-10	
   2.3088300e+00	   2.5687398e-10	  -5.0000000e+01	   1.6511541e-10	  -1.9677688e-10	
   2.3131400e+00	   2.6003833e-10	  -5.0000000e+01	   1.6714941e-10	  -1.9920092e-10	
   2.3174600e+00	   2.6322394e-10	  -5.0000000e+01	   1.6919709e-10	  -2.0164124e-10	
   2.3218000e+00	   2.6643827e-10	  -5.0000000e+01	   1.7126322e-10	  -2.0410356e-10	
   2.3261600e+00	   2.6968143e-10	  -5.0000000e+01	   1.7334788e-10	  -2.0658796e-10	
   2.3305300e+00	   2.7294604e-10	  -5.0000000e+01	   1.7544633e-10	  -2.0908880e-10	
   2.3349200e+00	   2.7623964e-10	  -5.0000000e+01	   1.7756342e-10	  -2.1161184e-10	
   2.3393200e+00	   2.7955479e-10	  -5.0000000e+01	   1.7969435e-10	  -2.1415139e-10	
   2.3437500e+00	   2.8290667e-10	  -5.0000000e+01	   1.8184890e-10	  -2.1671908e-10	
   2.3481900e+00	   2.8628026e-10	  -5.0000000e+01	   1.8401740e-10	  -2.1930340e-10	
   2.3526400e+00	   2.8967558e-10	  -5.0000000e+01	   1.8619987e-10	  -2.2190437e-10	
   2.3571100e+00	   2.9310031e-10	  -5.0000000e+01	   1.8840125e-10	  -2.2452787e-10	
   2.3616000e+00	   2.9655458e-10	  -5.0000000e+01	   1.9062161e-10	  -2.2717399e-10	
   2.3661100e+00	   3.0003848e-10	  -5.0000000e+01	   1.9286102e-10	  -2.2984281e-10	
   2.3706300e+00	   3.0354436e-10	  -5.0000000e+01	   1.9511455e-10	  -2.3252847e-10	
   2.3751800e+00	   3.0708782e-10	  -5.0000000e+01	   1.9739225e-10	  -2.3524292e-10	
   2.3797300e+00	   3.1064558e-10	  -5.0000000e+01	   1.9967913e-10	  -2.3796832e-10	
   2.3843100e+00	   3.1424114e-10	  -5.0000000e+01	   2.0199031e-10	  -2.4072268e-10	
   2.3889100e+00	   3.1786680e-10	  -5.0000000e+01	   2.0432084e-10	  -2.4350010e-10	
   2.3935200e+00	   3.2151475e-10	  -5.0000000e+01	   2.0666570e-10	  -2.4629459e-10	
   2.3981500e+00	   3.2519295e-10	  -5.0000000e+01	   2.0903000e-10	  -2.4911225e-10	
   2.4027900e+00	   3.2888185e-10	  -5.0000000e+01	   2.1140118e-10	  -2.5193812e-10	
   2.4074600e+00	   3.3254928e-10	  -5.0000000e+01	   2.1375856e-10	  -2.5474753e-10	
   2.4121400e+00	   3.3617404e-10	  -5.0000000e+01	   2.1608851e-10	  -2.5752425e-10	
   2.4168500e+00	   3.3977125e-10	  -5.0000000e+01	   2.1840075e-10	  -2.6027988e-10	
   2.4215700e+00	   3.4332531e-10	  -5.0000000e+01	   2.2068526e-10	  -2.6300245e-10	
   2.4263000e+00	   3.4683618e-10	  -5.0000000e+01	   2.2294200e-10	  -2.6569193e-10	
   2.4310600e+00	   3.5031836e-10	  -5.0000000e+01	   2.2518030e-10	  -2.6835943e-10	
   2.4358400e+00	   3.5376404e-10	  -5.0000000e+01	   2.2739514e-10	  -2.7099897e-10	
   2.4406300e+00	   3.5716582e-10	  -5.0000000e+01	   2.2958176e-10	  -2.7360489e-10	
   2.4454500e+00	   3.6053757e-10	  -5.0000000e+01	   2.3174908e-10	  -2.7618780e-10	
   2.4502800e+00	   3.6386496e-10	  -5.0000000e+01	   2.3388789e-10	  -2.7873673e-10	
   2.4551300e+00	   3.6715472e-10	  -5.0000000e+01	   2.3600250e-10	  -2.8125683e-10	
   2.4600000e+00	   3.7040650e-10	  -5.0000000e+01	   2.3809271e-10	  -2.8374784e-10	
   2.4648900e+00	   3.7361999e-10	  -5.0000000e+01	   2.4015830e-10	  -2.8620952e-10	
   2.4698000e+00	   3.7679485e-10	  -5.0000000e+01	   2.4219906e-10	  -2.8864160e-10	
   2.4747300e+00	   3.7993076e-10	  -5.0000000e+01	   2.4421479e-10	  -2.9104385e-10	
   2.4796800e+00	   3.8302740e-10	  -5.0000000e+01	   2.4620527e-10	  -2.9341602e-10	
   2.4846500e+00	   3.8608446e-10	  -5.0000000e+01	   2.4817031e-10	  -2.9575786e-10	
   2.4896400e+00	   3.8910161e-10	  -5.0000000e+01	   2.5010970e-10	  -2.9806913e-10	
   2.4946500e+00	   3.9207855e-10	  -5.0000000e+01	   2.5202323e-10	  -3.0034959e-10	
   2.4996800e+00	   3.9501496e-10	  -5.0000000e+01	   2.5391072e-10	  -3.0259902e-10	
   2.5047300e+00	   3.9791053e-10	  -5.0000000e+01	   2.5577196e-10	  -3.0481715e-10	
   2.5098000e+00	   4.0076497e-10	  -5.0000000e+01	   2.5760676e-10	  -3.0700378e-10	
   2.5148900e+00	   4.0357796e-10	  -5.0000000e+01	   2.5941491e-10	  -3.0915865e-10	
   2.5200000e+00	   4.0634921e-10	  -5.0000000e+01	   2.6119624e-10	  -3.1128155e-10	
   2.5251400e+00	   4.0908368e-10	  -5.0000000e+01	   2.6295392e-10	  -3.1337628e-10	
   2.5302900e+00	   4.1177044e-10	  -5.0000000e+01	   2.6468094e-10	  -3.1543446e-10	
   2.5354600e+00	   4.1441457e-10	  -5.0000000e+01	   2.6638055e-10	  -3.1745998e-10	
   2.5406600e+00	   4.1702075e-10	  -5.0000000e+01	   2.6805577e-10	  -3.1945643e-10	
   2.5458800e+00	   4.1958350e-10	  -5.0000000e+01	   2.6970308e-10	  -3.2141961e-10	
   2.5511100e+00	   4.2209781e-10	  -5.0000000e+01	   2.7131924e-10	  -3.2334568e-10	
   2.5563700e+00	   4.2457299e-10	  -5.0000000e+01	   2.7291026e-10	  -3.2524178e-10	
   2.5616600e+00	   4.2700846e-10	  -5.0000000e+01	   2.7447575e-10	  -3.2710746e-10	
   2.5669600e+00	   4.2939474e-10	  -5.0000000e+01	   2.7600962e-10	  -3.2893545e-10	
   2.5722900e+00	   4.3174055e-10	  -5.0000000e+01	   2.7751748e-10	  -3.3073245e-10	
   2.5776300e+00	   4.3403683e-10	  -5.0000000e+01	   2.7899350e-10	  -3.3249151e-10	
   2.5830000e+00	   4.3629191e-10	  -5.0000000e+01	   2.8044303e-10	  -3.3421899e-10	
   2.5884000e+00	   4.3850521e-10	  -5.0000000e+01	   2.8186571e-10	  -3.3591448e-10	
   2.5938100e+00	   4.4066827e-10	  -5.0000000e+01	   2.8325610e-10	  -3.3757148e-10	
   2.5992500e+00	   4.4278883e-10	  -5.0000000e+01	   2.8461918e-10	  -3.3919593e-10	
   2.6047100e+00	   4.4486259e-10	  -5.0000000e+01	   2.8595216e-10	  -3.4078451e-10	
   2.6101900e+00	   4.4688928e-10	  -5.0000000e+01	   2.8725489e-10	  -3.4233705e-10	
   2.6157000e+00	   4.4887220e-10	  -5.0000000e+01	   2.8852949e-10	  -3.4385606e-10	
   2.6212300e+00	   4.5080736e-10	  -5.0000000e+01	   2.8977338e-10	  -3.4533847e-10	
   2.6267800e+00	   4.5269450e-10	  -5.0000000e+01	   2.9098642e-10	  -3.4678411e-10	
   2.6323600e+00	   4.5453664e-10	  -5.0000000e+01	   2.9217052e-10	  -3.4819526e-10	
   2.6379600e+00	   4.5633007e-10	  -5.0000000e+01	   2.9332332e-10	  -3.4956912e-10	
   2.6435900e+00	   4.5807762e-10	  -5.0000000e+01	   2.9444662e-10	  -3.5090782e-10	
   2.6492300e+00	   4.5977285e-10	  -5.0000000e+01	   2.9553629e-10	  -3.5220643e-10	
   2.6549100e+00	   4.6142437e-10	  -5.0000000e+01	   2.9659787e-10	  -3.5347158e-10	
   2.6606000e+00	   4.6302311e-10	  -5.0000000e+01	   2.9762552e-10	  -3.5469628e-10	
   2.6663300e+00	   4.6457710e-10	  -5.0000000e+01	   2.9862440e-10	  -3.5588671e-10	
   2.6720700e+00	   4.6607785e-10	  -5.0000000e+01	   2.9958906e-10	  -3.5703634e-10	
   2.6778400e+00	   4.6753035e-10	  -5.0000000e+01	   3.0052272e-10	  -3.5814903e-10	
   2.6836400e+00	   4.6893410e-10	  -5.0000000e+01	   3.0142503e-10	  -3.5922436e-10	
   2.6894600e+00	   4.7028631e-10	  -5.0000000e+01	   3.0229421e-10	  -3.6026021e-10	
   2.6953100e+00	   4.7158895e-10	  -5.0000000e+01	   3.0313153e-10	  -3.6125809e-10	
   2.7011800e+00	   4.7283943e-10	  -5.0000000e+01	   3.0393533e-10	  -3.6221602e-10	
   2.7070800e+00	   4.7403954e-10	  -5.0000000e+01	   3.0470674e-10	  -3.6313535e-10	
   2.7130000e+00	   4.7518688e-10	  -5.0000000e+01	   3.0544424e-10	  -3.6401427e-10	
   2.7189500e+00	   4.7628305e-10	  -5.0000000e+01	   3.0614884e-10	  -3.6485398e-10	
   2.7249300e+00	   4.7732756e-10	  -5.0000000e+01	   3.0682024e-10	  -3.6565413e-10	
   2.7309300e+00	   4.7831833e-10	  -5.0000000e+01	   3.0745709e-10	  -3.6641310e-10	
   2.7369600e+00	   4.7925666e-10	  -5.0000000e+01	   3.0806024e-10	  -3.6713190e-10	
   2.7430100e+00	   4.8014068e-10	  -5.0000000e+01	   3.0862848e-10	  -3.6780910e-10	
   2.7490900e+00	   4.8097150e-10	  -5.0000000e+01	   3.0916252e-10	  -3.6844555e-10	
   2.7552000e+00	   4.8174866e-10	  -5.0000000e+01	   3.0966207e-10	  -3.6904089e-10	
   2.7613400e+00	   4.8247170e-10	  -5.0000000e+01	   3.1012683e-10	  -3.6959477e-10	
   2.7675000e+00	   4.8313911e-10	  -5.0000000e+01	   3.1055584e-10	  -3.7010603e-10	
   2.7737000e+00	   4.8375261e-10	  -5.0000000e+01	   3.1095019e-10	  -3.7057600e-10	
   2.7799100e+00	   4.8430891e-10	  -5.0000000e+01	   3.1130777e-10	  -3.7100215e-10	
   2.7861600e+00	   4.8481039e-10	  -5.0000000e+01	   3.1163011e-10	  -3.7138630e-10	
   2.7924400e+00	   4.8525565e-10	  -5.0000000e+01	   3.1191632e-10	  -3.7172740e-10	
   2.7987400e+00	   4.8564369e-10	  -5.0000000e+01	   3.1216575e-10	  -3.7202465e-10	
   2.8050700e+00	   4.8595226e-10	  -5.0000469e+01	   3.1236104e-10	  -3.7226359e-10	
   2.8114300e+00	   4.8613420e-10	  -5.0002378e+01	   3.1246558e-10	  -3.7241337e-10	
   2.8178200e+00	   4.8618715e-10	  -5.0005765e+01	   3.1247760e-10	  -3.7247241e-10	
   2.8242400e+00	   4.8611019e-10	  -5.0010645e+01	   3.1239641e-10	  -3.7244006e-10	
   2.8306900e+00	   4.8590237e-10	  -5.0017033e+01	   3.1222136e-10	  -3.7231565e-10	
   2.8371700e+00	   4.8556278e-10	  -5.0024945e+01	   3.1195177e-10	  -3.7209852e-10	
   2.8436700e+00	   4.8509133e-10	  -5.0034387e+01	   3.1158762e-10	  -3.7178859e-10	
   2.8502100e+00	   4.8448566e-10	  -5.0045410e+01	   3.1112714e-10	  -3.7138426e-10	
   2.8567800e+00	   4.8374551e-10	  -5.0058027e+01	   3.1057016e-10	  -3.7088528e-10	
   2.8633800e+00	   4.8286999e-10	  -5.0072265e+01	   3.0991606e-10	  -3.7029105e-10	
   2.8700000e+00	   4.8185984e-10	  -5.0088131e+01	   3.0916539e-10	  -3.6960204e-10	
   2.8766600e+00	   4.8071116e-10	  -5.0105706e+01	   3.0831527e-10	  -3.6881555e-10	
   2.8833500e+00	   4.7942451e-10	  -5.0125005e+01	   3.0736613e-10	  -3.6793195e-10	
   2.8900700e+00	   4.7799904e-10	  -5.0146069e+01	   3.0631736e-10	  -3.6695062e-10	
   2.8968300e+00	   4.7643151e-10	  -5.0168978e+01	   3.0516657e-10	  -3.6586930e-10	
   2.9036100e+00	   4.7472572e-10	  -5.0193712e+01	   3.0391657e-10	  -3.6469060e-10	
   2.9104300e+00	   4.7287583e-10	  -5.0220396e+01	   3.0256306e-10	  -3.6341044e-10	
   2.9172700e+00	   4.7088646e-10	  -5.0249009e+01	   3.0110943e-10	  -3.6203200e-10	
   2.9241500e+00	   4.6875100e-10	  -5.0279696e+01	   2.9955084e-10	  -3.6055068e-10	
   2.9310700e+00	   4.6646807e-10	  -5.0312531e+01	   2.9788629e-10	  -3.5896549e-10	
   2.9380100e+00	   4.6404351e-10	  -5.0347492e+01	   2.9612001e-10	  -3.5728044e-10	
   2.9449900e+00	   4.6146955e-10	  -5.0384756e+01	   2.9424636e-10	  -3.5549013e-10	
   2.9520000e+00	   4.5874886e-10	  -5.0424358e+01	   2.9226723e-10	  -3.5359636e-10	
   2.9590500e+00	   4.5587653e-10	  -5.0466450e+01	   2.9017906e-10	  -3.5159568e-10	
   2.9661300e+00	   4.5285560e-10	  -5.0511075e+01	   2.8798403e-10	  -3.4949019e-10	
   2.9732400e+00	   4.4968537e-10	  -5.0558338e+01	   2.8568162e-10	  -3.4727934e-10	
   2.9803900e+00	   4.4636039e-10	  -5.0608425e+01	   2.8326783e-10	  -3.4495931e-10	
   2.9875700e+00	   4.4288433e-10	  -5.0661395e+01	   2.8074532e-10	  -3.4253262e-10	
   2.9947900e+00	   4.3925140e-10	  -5.0717461e+01	   2.7810983e-10	  -3.3999516e-10	
   3.0020400e+00	   4.3546567e-10	  -5.0776695e+01	   2.7536430e-10	  -3.3734974e-10	
   3.0093200e+00	   4.3152651e-10	  -5.0839255e+01	   2.7250822e-10	  -3.3459587e-10	
   3.0166500e+00	   4.2742188e-10	  -5.0905496e+01	   2.6953282e-10	  -3.3172507e-10	
   3.0240000e+00	   4.2316770e-10	  -5.0975339e+01	   2.6644958e-10	  -3.2874841e-10	
   3.0314000e+00	   4.1874571e-10	  -5.1049277e+01	   2.6324523e-10	  -3.2565306e-10	
   3.0388300e+00	   4.1416672e-10	  -5.1127346e+01	   2.5992754e-10	  -3.2244651e-10	
   3.0462900e+00	   4.0943017e-10	  -5.1209783e+01	   2.5649602e-10	  -3.1912828e-10	
   3.0538000e+00	   4.0452225e-10	  -5.1297090e+01	   2.5294060e-10	  -3.1568862e-10	
   3.0613400e+00	   3.9945496e-10	  -5.1389338e+01	   2.4926989e-10	  -3.1213585e-10	
   3.0689200e+00	   3.9422078e-10	  -5.1486972e+01	   2.4547835e-10	  -3.0846459e-10	
   3.0765300e+00	   3.8882587e-10	  -5.1590219e+01	   2.4157034e-10	  -3.0467906e-10	
   3.0841800e+00	   3.8326241e-10	  -5.1699604e+01	   2.3754008e-10	  -3.0077364e-10	
   3.0918700e+00	   3.7752941e-10	  -5.1815568e+01	   2.3338673e-10	  -2.9674751e-10	
   3.0996000e+00	   3.7162592e-10	  -5.1938598e+01	   2.2910947e-10	  -2.9259986e-10	
   3.1073700e+00	   3.6555104e-10	  -5.2069232e+01	   2.2470746e-10	  -2.8832988e-10	
   3.1151800e+00	   3.5930388e-10	  -5.2208069e+01	   2.2017990e-10	  -2.8393677e-10	
   3.1230300e+00	   3.5288361e-10	  -5.2355772e+01	   2.1552598e-10	  -2.7941975e-10	
   3.1309100e+00	   3.4629788e-10	  -5.2512878e+01	   2.1075104e-10	  -2.7478396e-10	
   3.1388400e+00	   3.3952924e-10	  -5.2680614e+01	   2.0584215e-10	  -2.7001688e-10	
   3.1468100e+00	   3.3258526e-10	  -5.2859716e+01	   2.0080454e-10	  -2.6512354e-10	
   3.1548100e+00	   3.2547431e-10	  -5.3050984e+01	   1.9564395e-10	  -2.6010953e-10	
   3.1628600e+00	   3.1817804e-10	  -5.3256077e+01	   1.9034671e-10	  -2.5496156e-10	
   3.1709500e+00	   3.1070480e-10	  -5.3476104e+01	   1.8491844e-10	  -2.4968508e-10	
   3.1790800e+00	   3.0305419e-10	  -5.3712588e+01	   1.7935841e-10	  -2.4427936e-10	
   3.1872500e+00	   2.9522596e-10	  -5.3967274e+01	   1.7366586e-10	  -2.3874366e-10	
   3.1954700e+00	   2.8721011e-10	  -5.4242505e+01	   1.6783290e-10	  -2.3307031e-10	
   3.2037300e+00	   2.7901617e-10	  -5.4540297e+01	   1.6186572e-10	  -2.2726529e-10	
   3.2120300e+00	   2.7064431e-10	  -5.4863329e+01	   1.5576358e-10	  -2.2132792e-10	
   3.2203700e+00	   2.6209492e-10	  -5.5214728e+01	   1.4952580e-10	  -2.1525748e-10	
   3.2287500e+00	   2.5336865e-10	  -5.5598157e+01	   1.4315165e-10	  -2.0905329e-10	
   3.2371800e+00	   2.4445582e-10	  -5.6018457e+01	   1.3663267e-10	  -2.0270708e-10	
   3.2456600e+00	   2.3535728e-10	  -5.6480911e+01	   1.2996777e-10	  -1.9621781e-10	
   3.2541800e+00	   2.2608535e-10	  -5.6991222e+01	   1.2316396e-10	  -1.8959226e-10	
   3.2627400e+00	   2.1664246e-10	  -5.7556849e+01	   1.1622056e-10	  -1.8282980e-10	
   3.2713500e+00	   2.0702052e-10	  -5.8187637e+01	   1.0912862e-10	  -1.7592168e-10	
   3.2800000e+00	   1.9723464e-10	  -5.8894139e+01	   1.0189554e-10	  -1.6887511e-10	
   3.2887000e+00	   1.8727873e-10	  -5.9691202e+01	   9.4512124e-11	  -1.6168111e-10	
   3.2974500e+00	   1.7715953e-10	  -6.0596627e+01	   8.6977365e-11	  -1.5433871e-10	
   3.3062400e+00	   1.6689781e-10	  -6.1631832e+01	   7.9299062e-11	  -1.4685550e-10	
   3.3150800e+00	   1.5649421e-10	  -6.2826961e+01	   7.1467677e-11	  -1.3922216e-10	
   3.3239700e+00	   1.4596532e-10	  -6.4220234e+01	   6.3482233e-11	  -1.3143775e-10	
   3.3329100e+00	   1.3533396e-10	  -6.5862529e+01	   5.5341760e-11	  -1.2350130e-10	
   3.3418900e+00	   1.2464400e-10	  -6.7820353e+01	   4.7054588e-11	  -1.1542093e-10	
   3.3509200e+00	   1.1392901e-10	  -7.0190033e+01	   3.8610723e-11	  -1.0718690e-10	
   3.3600000e+00	   1.0325528e-10	  -7.3104240e+01	   3.0009225e-11	  -9.8798277e-11	
   3.3691400e+00	   9.2710450e-11	  -7.6756199e+01	   2.1239508e-11	  -9.0244727e-11	
   3.3783200e+00	   8.2469467e-11	  -8.1408613e+01	   1.2319842e-11	  -8.1544065e-11	
   3.3875500e+00	   7.2758262e-11	  -8.7447889e+01	   3.2397813e-12	  -7.2686095e-11	
   3.3968300e+00	   6.3952165e-11	  -9.5384831e+01	  -6.0015740e-12	  -6.3669934e-11	
   3.4061600e+00	   5.6630296e-11	  -1.0578507e+02	  -1.5405115e-11	  -5.4494705e-11	
   3.4155400e+00	   5.1603984e-11	  -1.1894113e+02	  -2.4971722e-11	  -4.5159543e-11	
   3.4249800e+00	   4.9760798e-11	  -1.3423398e+02	  -3.4712645e-11	  -3.5653462e-11	
   3.4344600e+00	   5.1630055e-11	  -1.4976814e+02	  -4.4608107e-11	  -2.5995756e-11	
   3.4440000e+00	   5.7019283e-11	  -1.6353053e+02	  -5.4679836e-11	  -1.6165215e-11	
   3.4536000e+00	   6.5220643e-11	  -1.7457983e+02	  -6.4929027e-11	  -6.1606605e-12	
   3.4632500e+00	   7.5452566e-11	   1.7695468e+02	  -7.5346014e-11	   4.0084755e-12	
   3.4729500e+00	   8.7120399e-11	   1.7052401e+02	  -8.5931614e-11	   1.4342999e-11	
   3.4827000e+00	   9.9827430e-11	   1.6558955e+02	  -9.6686639e-11	   2.4843705e-11	
   3.4925100e+00	   1.1333387e-10	   1.6173389e+02	  -1.0762309e-10	   3.5522325e-11	
   3.5023800e+00	   1.2746710e-10	   1.5866750e+02	  -1.1873370e-10	   4.6369942e-11	
   3.5123000e+00	   1.4182847e-10	   1.5624189e+02	  -1.2980914e-10	   5.7139327e-11	
   3.5222800e+00	   1.5622554e-10	   1.5430360e+02	  -1.4077551e-10	   6.7739767e-11	
   3.5323100e+00	   1.7058002e-10	   1.5272936e+02	  -1.5162041e-10	   7.8158766e-11	
   3.5424000e+00	   1.8486212e-10	   1.5143076e+02	  -1.6235328e-10	   8.8404856e-11	
   3.5525600e+00	   1.9905397e-10	   1.5034550e+02	  -1.7298283e-10	   9.8485664e-11	
   3.5627600e+00	   2.1309043e-10	   1.4943193e+02	  -1.8347632e-10	   1.0836962e-10	
   3.5730300e+00	   2.2699515e-10	   1.4865400e+02	  -1.9386328e-10	   1.1808399e-10	
   3.5833600e+00	   2.4074018e-10	   1.4798764e+02	  -2.0413173e-10	   1.2761689e-10	
   3.5937400e+00	   2.5430126e-10	   1.4741411e+02	  -2.1427045e-10	   1.3695732e-10	
   3.6041900e+00	   2.6769523e-10	   1.4691728e+02	  -2.2429739e-10	   1.4612124e-10	
   3.6147000e+00	   2.8090110e-10	   1.4648587e+02	  -2.3420119e-10	   1.5509748e-10	
   3.6252700e+00	   2.9391220e-10	   1.4611034e+02	  -2.4398033e-10	   1.6388404e-10	
   3.6359000e+00	   3.0672273e-10	   1.4578302e+02	  -2.5363330e-10	   1.7247893e-10	
   3.6465900e+00	   3.1932759e-10	   1.4549760e+02	  -2.6315864e-10	   1.8088018e-10	
   3.6573500e+00	   3.3173360e-10	   1.4524868e+02	  -2.7256354e-10	   1.8909336e-10	
   3.6681700e+00	   3.4392471e-10	   1.4503223e+02	  -2.8183755e-10	   1.9710860e-10	
   3.6790600e+00	   3.5590802e-10	   1.4484448e+02	  -2.9098759e-10	   2.0493107e-10	
   3.6900100e+00	   3.6766866e-10	   1.4468257e+02	  -3.0000358e-10	   2.1255139e-10	
   3.7010200e+00	   3.7920339e-10	   1.4454394e+02	  -3.0888415e-10	   2.1996771e-10	
   3.7121000e+00	   3.9051928e-10	   1.4442627e+02	  -3.1763573e-10	   2.2718462e-10	
   3.7232500e+00	   4.0161272e-10	   1.4432774e+02	  -3.2625649e-10	   2.3419965e-10	
   3.7344600e+00	   4.1247068e-10	   1.4424682e+02	  -3.3473710e-10	   2.4100443e-10	
   3.7457500e+00	   4.2310924e-10	   1.4418202e+02	  -3.4309091e-10	   2.4760868e-10	
   3.7571000e+00	   4.3350635e-10	   1.4413227e+02	  -3.5130130e-10	   2.5399833e-10	
   3.7685200e+00	   4.4366851e-10	   1.4409649e+02	  -3.5937401e-10	   2.6017699e-10	
   3.7800100e+00	   4.5359276e-10	   1.4407378e+02	  -3.6730729e-10	   2.6614234e-10	
   3.7915600e+00	   4.6326799e-10	   1.4406340e+02	  -3.7509275e-10	   2.7188722e-10	
   3.8032000e+00	   4.7271619e-10	   1.4406464e+02	  -3.8274867e-10	   2.7742396e-10	
   3.8149000e+00	   4.8190995e-10	   1.4407694e+02	  -3.9025338e-10	   2.8273573e-10	
   3.8266700e+00	   4.9085492e-10	   1.4409979e+02	  -3.9761189e-10	   2.8782519e-10	
   3.8385200e+00	   4.9955582e-10	   1.4413278e+02	  -4.0482856e-10	   2.9269414e-10	
   3.8504400e+00	   5.0800252e-10	   1.4417552e+02	  -4.1189543e-10	   2.9733602e-10	
   3.8624400e+00	   5.1619936e-10	   1.4422771e+02	  -4.1881661e-10	   3.0175226e-10	
   3.8745100e+00	   5.2413690e-10	   1.4428906e+02	  -4.2558451e-10	   3.0593678e-10	
   3.8866500e+00	   5.3181294e-10	   1.4435932e+02	  -4.3219757e-10	   3.0988750e-10	
   3.8988700e+00	   5.3923133e-10	   1.4443836e+02	  -4.3865947e-10	   3.1360533e-10	
   3.9111700e+00	   5.4638930e-10	   1.4452605e+02	  -4.4496821e-10	   3.1708762e-10	
   3.9235500e+00	   5.5328416e-10	   1.4462227e+02	  -4.5112185e-10	   3.2033177e-10	
   3.9360100e+00	   5.5991329e-10	   1.4472695e+02	  -4.5711842e-10	   3.2333518e-10	
   3.9485400e+00	   5.6626923e-10	   1.4483994e+02	  -4.6295146e-10	   3.2609323e-10	
   3.9611600e+00	   5.7235969e-10	   1.4496140e+02	  -4.6862836e-10	   3.2860779e-10	
   3.9738500e+00	   5.7817267e-10	   1.4509115e+02	  -4.7413827e-10	   3.3087239e-10	
   3.9866300e+00	   5.8371507e-10	   1.4522940e+02	  -4.7948803e-10	   3.3288815e-10	
   3.9994900e+00	   5.8898004e-10	   1.4537611e+02	  -4.8467139e-10	   3.3465076e-10	
   4.0124300e+00	   5.9396550e-10	   1.4553135e+02	  -4.8968656e-10	   3.3615784e-10	
   4.0254600e+00	   5.9867299e-10	   1.4569536e+02	  -4.9453541e-10	   3.3740788e-10	
   4.0385700e+00	   6.0309667e-10	   1.4586812e+02	  -4.9921224e-10	   3.3839730e-10	
   4.0517700e+00	   6.0723781e-10	   1.4604993e+02	  -5.0371867e-10	   3.3912426e-10	
   4.0650500e+00	   6.1109128e-10	   1.4624081e+02	  -5.0804936e-10	   3.3958563e-10	
   4.0784300e+00	   6.1466064e-10	   1.4644125e+02	  -5.1220869e-10	   3.3977928e-10	
   4.0918900e+00	   6.1793847e-10	   1.4665119e+02	  -5.1618835e-10	   3.3970214e-10	
   4.1054400e+00	   6.2092558e-10	   1.4687103e+02	  -5.1998944e-10	   3.3935167e-10	
   4.1190800e+00	   6.2362014e-10	   1.4710103e+02	  -5.2360992e-10	   3.3872516e-10	
   4.1328100e+00	   6.2602047e-10	   1.4734149e+02	  -5.2704775e-10	   3.3781991e-10	
   4.1466300e+00	   6.2812504e-10	   1.4759276e+02	  -5.3030096e-10	   3.3663327e-10	
   4.1605400e+00	   6.2993248e-10	   1.4785517e+02	  -5.3336755e-10	   3.3516263e-10	
   4.1745500e+00	   6.3144258e-10	   1.4812933e+02	  -5.3624759e-10	   3.3340404e-10	
   4.1886500e+00	   6.3265290e-10	   1.4841545e+02	  -5.3893686e-10	   3.3135592e-10	
   4.2028500e+00	   6.3356316e-10	   1.4871420e+02	  -5.4143517e-10	   3.2901402e-10	
   4.2171500e+00	   6.3417210e-10	   1.4902608e+02	  -5.4374023e-10	   3.2637527e-10	
   4.2315400e+00	   6.3447859e-10	   1.4935142e+02	  -5.4584836e-10	   3.2343879e-10	
   4.2460300e+00	   6.3448237e-10	   1.4969101e+02	  -5.4775900e-10	   3.2019985e-10	
   4.2606200e+00	   6.3418290e-10	   1.5004547e+02	  -5.4946996e-10	   3.1665552e-10	
   4.2753200e+00	   6.3357943e-10	   1.5041573e+02	  -5.5097999e-10	   3.1280016e-10	
   4.2901100e+00	   6.3267281e-10	   1.5080201e+02	  -5.5228490e-10	   3.0863617e-10	
   4.3050100e+00	   6.3146220e-10	   1.5120561e+02	  -5.5338431e-10	   3.0415508e-10	
   4.3200100e+00	   6.2994882e-10	   1.5162709e+02	  -5.5427520e-10	   2.9935685e-10	
   4.3351100e+00	   6.2813376e-10	   1.5206736e+02	  -5.5495549e-10	   2.9423872e-10	
   4.3503200e+00	   6.2601702e-10	   1.5252767e+02	  -5.5542340e-10	   2.8879433e-10	
   4.3656400e+00	   6.2359997e-10	   1.5300908e+02	  -5.5567648e-10	   2.8302044e-10	
   4.3810700e+00	   6.2088447e-10	   1.5351273e+02	  -5.5571236e-10	   2.7691388e-10	
   4.3966000e+00	   6.1787493e-10	   1.5403949e+02	  -5.5552885e-10	   2.7047573e-10	
   4.4122500e+00	   6.1457044e-10	   1.5459136e+02	  -5.5512339e-10	   2.6369461e-10	
   4.4280100e+00	   6.1097647e-10	   1.5516940e+02	  -5.5449373e-10	   2.5657152e-10	
   4.4438800e+00	   6.0709731e-10	   1.5577514e+02	  -5.5363762e-10	   2.4910346e-10	
   4.4598600e+00	   6.0293800e-10	   1.5641018e+02	  -5.5255280e-10	   2.4128745e-10	
   4.4759600e+00	   5.9850159e-10	   1.5707671e+02	  -5.5123622e-10	   2.3311540e-10	
   4.4921800e+00	   5.9379443e-10	   1.5777664e+02	  -5.4968527e-10	   2.2458390e-10	
   4.5085200e+00	   5.8882390e-10	   1.5851204e+02	  -5.4789743e-10	   2.1568955e-10	
   4.5249700e+00	   5.8360174e-10	   1.5928465e+02	  -5.4587149e-10	   2.0643474e-10	
   4.5415400e+00	   5.7813472e-10	   1.6009730e+02	  -5.4360395e-10	   1.9681084e-10	
   4.5582400e+00	   5.7243049e-10	   1.6095306e+02	  -5.4109079e-10	   1.8680852e-10	
   4.5750600e+00	   5.6650494e-10	   1.6185418e+02	  -5.3833093e-10	   1.7643031e-10	
   4.5920100e+00	   5.6036871e-10	   1.6280416e+02	  -5.3532015e-10	   1.6566663e-10	
   4.6090800e+00	   5.5404149e-10	   1.6380562e+02	  -5.3205770e-10	   1.5452048e-10	
   4.6262800e+00	   5.4753769e-10	   1.6486250e+02	  -5.2853919e-10	   1.4298199e-10	
   4.6436000e+00	   5.4088148e-10	   1.6597778e+02	  -5.2476419e-10	   1.3105464e-10	
   4.6610600e+00	   5.3408802e-10	   1.6715657e+02	  -5.2072574e-10	   1.1872115e-10	
   4.6786500e+00	   5.2718679e-10	   1.6840230e+02	  -5.1642338e-10	   1.0598491e-10	
   4.6963700e+00	   5.2020653e-10	   1.6971920e+02	  -5.1185457e-10	   9.2842538e-11	
   4.7142300e+00	   5.1317543e-10	   1.7111249e+02	  -5.0701402e-10	   7.9283036e-11	
   4.7322200e+00	   5.0613326e-10	   1.7258599e+02	  -5.0190180e-10	   6.5310464e-11	
   4.7503500e+00	   4.9911603e-10	   1.7414522e+02	  -4.9651245e-10	   5.0913579e-11	
   4.7686200e+00	   4.9216811e-10	   1.7579496e+02	  -4.9084320e-10	   3.6088695e-11	
   4.7870300e+00	   4.8533862e-10	   1.7753994e+02	  -4.8489133e-10	   2.0832186e-11	
   4.8055900e+00	   4.7867821e-10	   1.7938572e+02	  -4.7865070e-10	   5.1319343e-12	
   4.8242900e+00	   4.7225016e-10	  -1.7866441e+02	  -4.7212186e-10	  -1.1007373e-11	
   4.8431300e+00	   4.6611941e-10	  -1.7660673e+02	  -4.6530220e-10	  -2.7589196e-11	
   4.8621200e+00	   4.6035345e-10	  -1.7443709e+02	  -4.5818535e-10	  -4.4625992e-11	
   4.8812700e+00	   4.5502621e-10	  -1.7215212e+02	  -4.5076448e-10	  -6.2130840e-11	
   4.9005600e+00	   4.5022516e-10	  -1.6975329e+02	  -4.4304447e-10	  -8.0089254e-11	
   4.9200100e+00	   4.4603198e-10	  -1.6723874e+02	  -4.3501452e-10	  -9.8523584e-11	
   4.9396100e+00	   4.4253999e-10	  -1.6461221e+02	  -4.2667581e-10	  -1.1742828e-10	
   4.9593700e+00	   4.3984150e-10	  -1.6187691e+02	  -4.1802117e-10	  -1.3681685e-10	
   4.9792800e+00	   4.3803344e-10	  -1.5904117e+02	  -4.0905212e-10	  -1.5668328e-10	
   4.9993600e+00	   4.3721006e-10	  -1.5611153e+02	  -3.9975667e-10	  -1.7705151e-10	
   5.0196000e+00	   4.3746646e-10	  -1.5310138e+02	  -3.9013629e-10	  -1.9791558e-10	
   5.0400100e+00	   4.3889326e-10	  -1.5002362e+02	  -3.8018315e-10	  -2.1928990e-10	
   5.0605800e+00	   4.4157373e-10	  -1.4689632e+02	  -3.6989909e-10	  -2.4116803e-10	
   5.0813200e+00	   4.4558458e-10	  -1.4373627e+02	  -3.5927612e-10	  -2.6356458e-10	
   5.1022300e+00	   4.5099174e-10	  -1.4056292e+02	  -3.4831111e-10	  -2.8648371e-10	
   5.1233100e+00	   4.5784928e-10	  -1.3739621e+02	  -3.3700100e-10	  -3.0992949e-10	
   5.1445700e+00	   4.6620283e-10	  -1.3425435e+02	  -3.2533722e-10	  -3.3391732e-10	
   5.1660100e+00	   4.7608271e-10	  -1.3115615e+02	  -3.1331644e-10	  -3.5845160e-10	
   5.1876200e+00	   4.8750080e-10	  -1.2812027e+02	  -3.0094117e-10	  -3.8352502e-10	
   5.2094200e+00	   5.0047319e-10	  -1.2515907e+02	  -2.8819674e-10	  -4.0916507e-10	
   5.2314000e+00	   5.1498961e-10	  -1.2228680e+02	  -2.7508563e-10	  -4.3536444e-10	
   5.2535700e+00	   5.3104300e-10	  -1.1951246e+02	  -2.6159861e-10	  -4.6213941e-10	
   5.2759200e+00	   5.4860479e-10	  -1.1684505e+02	  -2.4773851e-10	  -4.8948223e-10	
   5.2984700e+00	   5.6766426e-10	  -1.1428755e+02	  -2.3348957e-10	  -5.1742181e-10	
   5.3212100e+00	   5.8818295e-10	  -1.1184432e+02	  -2.1885465e-10	  -5.4595038e-10	
   5.3441500e+00	   6.1013686e-10	  -1.0951554e+02	  -2.0382388e-10	  -5.7508505e-10	
   5.3672800e+00	   6.3348166e-10	  -1.0730179e+02	  -1.8840046e-10	  -6.0481756e-10	
   5.3906200e+00	   6.5820285e-10	  -1.0519945e+02	  -1.7256759e-10	  -6.3517826e-10	
   5.4141600e+00	   6.8425598e-10	  -1.0320671e+02	  -1.5632845e-10	  -6.6615889e-10	
   5.4379000e+00	   7.1160726e-10	  -1.0131995e+02	  -1.3967970e-10	  -6.9776391e-10	
   5.4618600e+00	   7.4024850e-10	  -9.9533546e+01	  -1.2260369e-10	  -7.3002478e-10	
   5.4860300e+00	   7.7013868e-10	  -9.7843853e+01	  -1.0510378e-10	  -7.6293302e-10	
   5.5104100e+00	   8.0124982e-10	  -9.6246181e+01	  -8.7176481e-11	  -7.9649327e-10	
   5.5350100e+00	   8.3356914e-10	  -9.4735134e+01	  -6.8810823e-11	  -8.3072413e-10	
   5.5598300e+00	   8.6707352e-10	  -9.3306013e+01	  -5.0003088e-11	  -8.6563051e-10	
   5.5848700e+00	   9.0174173e-10	  -9.1954180e+01	  -3.0749627e-11	  -9.0121729e-10	
   5.6101400e+00	   9.3756864e-10	  -9.0674620e+01	  -1.1039000e-11	  -9.3750365e-10	
   5.6356400e+00	   9.7453752e-10	  -8.9463059e+01	   9.1326438e-12	  -9.7449472e-10	
   5.6613800e+00	   1.0126481e-09	  -8.8314961e+01	   2.9777158e-11	  -1.0122102e-09	
   5.6873500e+00	   1.0518725e-09	  -8.7226904e+01	   5.0890398e-11	  -1.0506407e-09	
   5.7135600e+00	   1.0922139e-09	  -8.6194794e+01	   7.2484297e-11	  -1.0898060e-09	
   5.7400100e+00	   1.1336621e-09	  -8.5215198e+01	   9.4562752e-11	  -1.1297113e-09	
   5.7667100e+00	   1.1762243e-09	  -8.4284541e+01	   1.1713810e-10	  -1.1703770e-09	
   5.7936500e+00	   1.2198770e-09	  -8.3400161e+01	   1.4020579e-10	  -1.2117930e-09	
   5.8208500e+00	   1.2646465e-09	  -8.2558604e+01	   1.6378695e-10	  -1.2539954e-09	
   5.8483100e+00	   1.3105281e-09	  -8.1757302e+01	   1.8788583e-10	  -1.2969899e-09	
   5.8760300e+00	   1.3575182e-09	  -8.0993848e+01	   2.1250659e-10	  -1.3407820e-09	
   5.9040100e+00	   1.4056134e-09	  -8.0265990e+01	   2.3765332e-10	  -1.3853772e-09	
   5.9322600e+00	   1.4548289e-09	  -7.9571381e+01	   2.6333917e-10	  -1.4307968e-09	
   5.9607800e+00	   1.5051633e-09	  -7.8908092e+01	   2.8956840e-10	  -1.4770466e-09	
   5.9895700e+00	   1.5566159e-09	  -7.8274317e+01	   3.1634516e-10	  -1.5241321e-09	
   6.0186500e+00	   1.6092226e-09	  -7.7667961e+01	   3.4369245e-10	  -1.5720919e-09	
   6.0480100e+00	   1.6629663e-09	  -7.7087703e+01	   3.7160533e-10	  -1.6209153e-09	
   6.0776600e+00	   1.7178666e-09	  -7.6531908e+01	   4.0009768e-10	  -1.6706249e-09	
   6.1075900e+00	   1.7739065e-09	  -7.5999422e+01	   4.2916419e-10	  -1.7212096e-09	
   6.1378300e+00	   1.8311445e-09	  -7.5488477e+01	   4.5883850e-10	  -1.7727260e-09	
   6.1683700e+00	   1.8895650e-09	  -7.4998112e+01	   4.8911553e-10	  -1.8251635e-09	
   6.1992100e+00	   1.9491709e-09	  -7.4527254e+01	   5.1999976e-10	  -1.8785280e-09	
   6.2303600e+00	   2.0099850e-09	  -7.4074751e+01	   5.5150574e-10	  -1.9328428e-09	
   6.2618300e+00	   2.0720311e-09	  -7.3639541e+01	   5.8364835e-10	  -1.9881317e-09	
   6.2936100e+00	   2.1352937e-09	  -7.3220901e+01	   6.1642203e-10	  -2.0443833e-09	
   6.3257200e+00	   2.1998171e-09	  -7.2817763e+01	   6.4985211e-10	  -2.1016393e-09	
   6.3581600e+00	   2.2656066e-09	  -7.2429387e+01	   6.8394350e-10	  -2.1599062e-09	
   6.3909400e+00	   2.3326879e-09	  -7.2054964e+01	   7.1871166e-10	  -2.2192085e-09	
   6.4240500e+00	   2.4010460e-09	  -7.1693955e+01	   7.5415084e-10	  -2.2795347e-09	
   6.4575100e+00	   2.4707279e-09	  -7.1345533e+01	   7.9028735e-10	  -2.3409276e-09	
   6.4913200e+00	   2.5417397e-09	  -7.1009137e+01	   8.2712627e-10	  -2.4033941e-09	
   6.5254800e+00	   2.6140878e-09	  -7.0684232e+01	   8.6467257e-10	  -2.4669407e-09	
